0.000000 1.000000
0.001000 1.001000
0.002000 1.002001
0.003000 1.003003
0.004000 1.004006
0.005000 1.005010
0.006000 1.006015
0.007000 1.007021
0.008000 1.008028
0.009000 1.009036
0.010000 1.010045
0.011000 1.011055
0.012000 1.012066
0.013000 1.013078
0.014000 1.014091
0.015000 1.015105
0.016000 1.016121
0.017000 1.017137
0.018000 1.018154
0.019000 1.019172
0.020000 1.020191
0.021000 1.021211
0.022000 1.022233
0.023000 1.023255
0.024000 1.024278
0.025000 1.025302
0.026000 1.026328
0.027000 1.027354
0.028000 1.028381
0.029000 1.029410
0.030000 1.030439
0.031000 1.031470
0.032000 1.032501
0.033000 1.033533
0.034000 1.034567
0.035000 1.035602
0.036000 1.036637
0.037000 1.037674
0.038000 1.038712
0.039000 1.039750
0.040000 1.040790
0.041000 1.041831
0.042000 1.042873
0.043000 1.043915
0.044000 1.044959
0.045000 1.046004
0.046000 1.047050
0.047000 1.048097
0.048000 1.049145
0.049000 1.050195
0.050000 1.051245
0.051000 1.052296
0.052000 1.053348
0.053000 1.054402
0.054000 1.055456
0.055000 1.056512
0.056000 1.057568
0.057000 1.058626
0.058000 1.059684
0.059000 1.060744
0.060000 1.061805
0.061000 1.062867
0.062000 1.063929
0.063000 1.064993
0.064000 1.066058
0.065000 1.067124
0.066000 1.068191
0.067000 1.069260
0.068000 1.070329
0.069000 1.071399
0.070000 1.072471
0.071000 1.073543
0.072000 1.074617
0.073000 1.075691
0.074000 1.076767
0.075000 1.077844
0.076000 1.078922
0.077000 1.080001
0.078000 1.081081
0.079000 1.082162
0.080000 1.083244
0.081000 1.084327
0.082000 1.085411
0.083000 1.086497
0.084000 1.087583
0.085000 1.088671
0.086000 1.089759
0.087000 1.090849
0.088000 1.091940
0.089000 1.093032
0.090000 1.094125
0.091000 1.095219
0.092000 1.096314
0.093000 1.097411
0.094000 1.098508
0.095000 1.099607
0.096000 1.100706
0.097000 1.101807
0.098000 1.102909
0.099000 1.104012
0.100000 1.105116
0.101000 1.106221
0.102000 1.107327
0.103000 1.108434
0.104000 1.109543
0.105000 1.110652
0.106000 1.111763
0.107000 1.112875
0.108000 1.113988
0.109000 1.115102
0.110000 1.116217
0.111000 1.117333
0.112000 1.118450
0.113000 1.119569
0.114000 1.120688
0.115000 1.121809
0.116000 1.122931
0.117000 1.124054
0.118000 1.125178
0.119000 1.126303
0.120000 1.127429
0.121000 1.128557
0.122000 1.129685
0.123000 1.130815
0.124000 1.131946
0.125000 1.133078
0.126000 1.134211
0.127000 1.135345
0.128000 1.136480
0.129000 1.137617
0.130000 1.138754
0.131000 1.139893
0.132000 1.141033
0.133000 1.142174
0.134000 1.143316
0.135000 1.144460
0.136000 1.145604
0.137000 1.146750
0.138000 1.147896
0.139000 1.149044
0.140000 1.150193
0.141000 1.151344
0.142000 1.152495
0.143000 1.153647
0.144000 1.154801
0.145000 1.155956
0.146000 1.157112
0.147000 1.158269
0.148000 1.159427
0.149000 1.160587
0.150000 1.161747
0.151000 1.162909
0.152000 1.164072
0.153000 1.165236
0.154000 1.166401
0.155000 1.167568
0.156000 1.168735
0.157000 1.169904
0.158000 1.171074
0.159000 1.172245
0.160000 1.173417
0.161000 1.174590
0.162000 1.175765
0.163000 1.176941
0.164000 1.178118
0.165000 1.179296
0.166000 1.180475
0.167000 1.181656
0.168000 1.182837
0.169000 1.184020
0.170000 1.185204
0.171000 1.186389
0.172000 1.187576
0.173000 1.188763
0.174000 1.189952
0.175000 1.191142
0.176000 1.192333
0.177000 1.193526
0.178000 1.194719
0.179000 1.195914
0.180000 1.197110
0.181000 1.198307
0.182000 1.199505
0.183000 1.200705
0.184000 1.201905
0.185000 1.203107
0.186000 1.204310
0.187000 1.205515
0.188000 1.206720
0.189000 1.207927
0.190000 1.209135
0.191000 1.210344
0.192000 1.211554
0.193000 1.212766
0.194000 1.213979
0.195000 1.215193
0.196000 1.216408
0.197000 1.217624
0.198000 1.218842
0.199000 1.220061
0.200000 1.221281
0.201000 1.222502
0.202000 1.223724
0.203000 1.224948
0.204000 1.226173
0.205000 1.227399
0.206000 1.228627
0.207000 1.229855
0.208000 1.231085
0.209000 1.232316
0.210000 1.233549
0.211000 1.234782
0.212000 1.236017
0.213000 1.237253
0.214000 1.238490
0.215000 1.239729
0.216000 1.240968
0.217000 1.242209
0.218000 1.243452
0.219000 1.244695
0.220000 1.245940
0.221000 1.247186
0.222000 1.248433
0.223000 1.249681
0.224000 1.250931
0.225000 1.252182
0.226000 1.253434
0.227000 1.254688
0.228000 1.255942
0.229000 1.257198
0.230000 1.258455
0.231000 1.259714
0.232000 1.260974
0.233000 1.262235
0.234000 1.263497
0.235000 1.264760
0.236000 1.266025
0.237000 1.267291
0.238000 1.268558
0.239000 1.269827
0.240000 1.271097
0.241000 1.272368
0.242000 1.273640
0.243000 1.274914
0.244000 1.276189
0.245000 1.277465
0.246000 1.278742
0.247000 1.280021
0.248000 1.281301
0.249000 1.282582
0.250000 1.283865
0.251000 1.285149
0.252000 1.286434
0.253000 1.287720
0.254000 1.289008
0.255000 1.290297
0.256000 1.291588
0.257000 1.292879
0.258000 1.294172
0.259000 1.295466
0.260000 1.296762
0.261000 1.298058
0.262000 1.299356
0.263000 1.300656
0.264000 1.301956
0.265000 1.303258
0.266000 1.304562
0.267000 1.305866
0.268000 1.307172
0.269000 1.308479
0.270000 1.309788
0.271000 1.311098
0.272000 1.312409
0.273000 1.313721
0.274000 1.315035
0.275000 1.316350
0.276000 1.317666
0.277000 1.318984
0.278000 1.320303
0.279000 1.321623
0.280000 1.322945
0.281000 1.324268
0.282000 1.325592
0.283000 1.326918
0.284000 1.328244
0.285000 1.329573
0.286000 1.330902
0.287000 1.332233
0.288000 1.333565
0.289000 1.334899
0.290000 1.336234
0.291000 1.337570
0.292000 1.338908
0.293000 1.340247
0.294000 1.341587
0.295000 1.342928
0.296000 1.344271
0.297000 1.345616
0.298000 1.346961
0.299000 1.348308
0.300000 1.349656
0.301000 1.351006
0.302000 1.352357
0.303000 1.353709
0.304000 1.355063
0.305000 1.356418
0.306000 1.357775
0.307000 1.359132
0.308000 1.360492
0.309000 1.361852
0.310000 1.363214
0.311000 1.364577
0.312000 1.365942
0.313000 1.367308
0.314000 1.368675
0.315000 1.370044
0.316000 1.371414
0.317000 1.372785
0.318000 1.374158
0.319000 1.375532
0.320000 1.376908
0.321000 1.378284
0.322000 1.379663
0.323000 1.381042
0.324000 1.382423
0.325000 1.383806
0.326000 1.385190
0.327000 1.386575
0.328000 1.387961
0.329000 1.389349
0.330000 1.390739
0.331000 1.392130
0.332000 1.393522
0.333000 1.394915
0.334000 1.396310
0.335000 1.397706
0.336000 1.399104
0.337000 1.400503
0.338000 1.401904
0.339000 1.403306
0.340000 1.404709
0.341000 1.406114
0.342000 1.407520
0.343000 1.408927
0.344000 1.410336
0.345000 1.411747
0.346000 1.413158
0.347000 1.414571
0.348000 1.415986
0.349000 1.417402
0.350000 1.418819
0.351000 1.420238
0.352000 1.421658
0.353000 1.423080
0.354000 1.424503
0.355000 1.425928
0.356000 1.427354
0.357000 1.428781
0.358000 1.430210
0.359000 1.431640
0.360000 1.433072
0.361000 1.434505
0.362000 1.435939
0.363000 1.437375
0.364000 1.438813
0.365000 1.440251
0.366000 1.441692
0.367000 1.443133
0.368000 1.444576
0.369000 1.446021
0.370000 1.447467
0.371000 1.448914
0.372000 1.450363
0.373000 1.451814
0.374000 1.453266
0.375000 1.454719
0.376000 1.456174
0.377000 1.457630
0.378000 1.459087
0.379000 1.460546
0.380000 1.462007
0.381000 1.463469
0.382000 1.464932
0.383000 1.466397
0.384000 1.467864
0.385000 1.469332
0.386000 1.470801
0.387000 1.472272
0.388000 1.473744
0.389000 1.475218
0.390000 1.476693
0.391000 1.478170
0.392000 1.479648
0.393000 1.481128
0.394000 1.482609
0.395000 1.484091
0.396000 1.485575
0.397000 1.487061
0.398000 1.488548
0.399000 1.490037
0.400000 1.491527
0.401000 1.493018
0.402000 1.494511
0.403000 1.496006
0.404000 1.497502
0.405000 1.498999
0.406000 1.500498
0.407000 1.501999
0.408000 1.503501
0.409000 1.505004
0.410000 1.506509
0.411000 1.508016
0.412000 1.509524
0.413000 1.511033
0.414000 1.512544
0.415000 1.514057
0.416000 1.515571
0.417000 1.517086
0.418000 1.518603
0.419000 1.520122
0.420000 1.521642
0.421000 1.523164
0.422000 1.524687
0.423000 1.526212
0.424000 1.527738
0.425000 1.529266
0.426000 1.530795
0.427000 1.532326
0.428000 1.533858
0.429000 1.535392
0.430000 1.536927
0.431000 1.538464
0.432000 1.540003
0.433000 1.541543
0.434000 1.543084
0.435000 1.544627
0.436000 1.546172
0.437000 1.547718
0.438000 1.549266
0.439000 1.550815
0.440000 1.552366
0.441000 1.553918
0.442000 1.555472
0.443000 1.557028
0.444000 1.558585
0.445000 1.560143
0.446000 1.561703
0.447000 1.563265
0.448000 1.564828
0.449000 1.566393
0.450000 1.567960
0.451000 1.569528
0.452000 1.571097
0.453000 1.572668
0.454000 1.574241
0.455000 1.575815
0.456000 1.577391
0.457000 1.578968
0.458000 1.580547
0.459000 1.582128
0.460000 1.583710
0.461000 1.585294
0.462000 1.586879
0.463000 1.588466
0.464000 1.590054
0.465000 1.591644
0.466000 1.593236
0.467000 1.594829
0.468000 1.596424
0.469000 1.598020
0.470000 1.599618
0.471000 1.601218
0.472000 1.602819
0.473000 1.604422
0.474000 1.606027
0.475000 1.607633
0.476000 1.609240
0.477000 1.610849
0.478000 1.612460
0.479000 1.614073
0.480000 1.615687
0.481000 1.617303
0.482000 1.618920
0.483000 1.620539
0.484000 1.622159
0.485000 1.623781
0.486000 1.625405
0.487000 1.627031
0.488000 1.628658
0.489000 1.630286
0.490000 1.631917
0.491000 1.633549
0.492000 1.635182
0.493000 1.636817
0.494000 1.638454
0.495000 1.640093
0.496000 1.641733
0.497000 1.643374
0.498000 1.645018
0.499000 1.646663
0.500000 1.648309
0.501000 1.649958
0.502000 1.651608
0.503000 1.653259
0.504000 1.654913
0.505000 1.656567
0.506000 1.658224
0.507000 1.659882
0.508000 1.661542
0.509000 1.663204
0.510000 1.664867
0.511000 1.666532
0.512000 1.668198
0.513000 1.669866
0.514000 1.671536
0.515000 1.673208
0.516000 1.674881
0.517000 1.676556
0.518000 1.678233
0.519000 1.679911
0.520000 1.681591
0.521000 1.683272
0.522000 1.684956
0.523000 1.686640
0.524000 1.688327
0.525000 1.690015
0.526000 1.691705
0.527000 1.693397
0.528000 1.695091
0.529000 1.696786
0.530000 1.698482
0.531000 1.700181
0.532000 1.701881
0.533000 1.703583
0.534000 1.705287
0.535000 1.706992
0.536000 1.708699
0.537000 1.710408
0.538000 1.712118
0.539000 1.713830
0.540000 1.715544
0.541000 1.717259
0.542000 1.718977
0.543000 1.720696
0.544000 1.722416
0.545000 1.724139
0.546000 1.725863
0.547000 1.727589
0.548000 1.729316
0.549000 1.731046
0.550000 1.732777
0.551000 1.734510
0.552000 1.736244
0.553000 1.737980
0.554000 1.739718
0.555000 1.741458
0.556000 1.743199
0.557000 1.744943
0.558000 1.746688
0.559000 1.748434
0.560000 1.750183
0.561000 1.751933
0.562000 1.753685
0.563000 1.755439
0.564000 1.757194
0.565000 1.758951
0.566000 1.760710
0.567000 1.762471
0.568000 1.764233
0.569000 1.765998
0.570000 1.767764
0.571000 1.769531
0.572000 1.771301
0.573000 1.773072
0.574000 1.774845
0.575000 1.776620
0.576000 1.778397
0.577000 1.780175
0.578000 1.781955
0.579000 1.783737
0.580000 1.785521
0.581000 1.787306
0.582000 1.789094
0.583000 1.790883
0.584000 1.792674
0.585000 1.794466
0.586000 1.796261
0.587000 1.798057
0.588000 1.799855
0.589000 1.801655
0.590000 1.803457
0.591000 1.805260
0.592000 1.807065
0.593000 1.808872
0.594000 1.810681
0.595000 1.812492
0.596000 1.814304
0.597000 1.816119
0.598000 1.817935
0.599000 1.819753
0.600000 1.821573
0.601000 1.823394
0.602000 1.825218
0.603000 1.827043
0.604000 1.828870
0.605000 1.830699
0.606000 1.832529
0.607000 1.834362
0.608000 1.836196
0.609000 1.838032
0.610000 1.839871
0.611000 1.841710
0.612000 1.843552
0.613000 1.845396
0.614000 1.847241
0.615000 1.849088
0.616000 1.850937
0.617000 1.852788
0.618000 1.854641
0.619000 1.856496
0.620000 1.858352
0.621000 1.860211
0.622000 1.862071
0.623000 1.863933
0.624000 1.865797
0.625000 1.867663
0.626000 1.869530
0.627000 1.871400
0.628000 1.873271
0.629000 1.875144
0.630000 1.877020
0.631000 1.878897
0.632000 1.880776
0.633000 1.882656
0.634000 1.884539
0.635000 1.886424
0.636000 1.888310
0.637000 1.890198
0.638000 1.892088
0.639000 1.893981
0.640000 1.895875
0.641000 1.897770
0.642000 1.899668
0.643000 1.901568
0.644000 1.903469
0.645000 1.905373
0.646000 1.907278
0.647000 1.909186
0.648000 1.911095
0.649000 1.913006
0.650000 1.914919
0.651000 1.916834
0.652000 1.918751
0.653000 1.920669
0.654000 1.922590
0.655000 1.924513
0.656000 1.926437
0.657000 1.928364
0.658000 1.930292
0.659000 1.932222
0.660000 1.934154
0.661000 1.936089
0.662000 1.938025
0.663000 1.939963
0.664000 1.941903
0.665000 1.943845
0.666000 1.945788
0.667000 1.947734
0.668000 1.949682
0.669000 1.951632
0.670000 1.953583
0.671000 1.955537
0.672000 1.957492
0.673000 1.959450
0.674000 1.961409
0.675000 1.963371
0.676000 1.965334
0.677000 1.967299
0.678000 1.969267
0.679000 1.971236
0.680000 1.973207
0.681000 1.975180
0.682000 1.977156
0.683000 1.979133
0.684000 1.981112
0.685000 1.983093
0.686000 1.985076
0.687000 1.987061
0.688000 1.989048
0.689000 1.991037
0.690000 1.993028
0.691000 1.995021
0.692000 1.997016
0.693000 1.999013
0.694000 2.001012
0.695000 2.003013
0.696000 2.005016
0.697000 2.007021
0.698000 2.009028
0.699000 2.011037
0.700000 2.013048
0.701000 2.015062
0.702000 2.017077
0.703000 2.019094
0.704000 2.021113
0.705000 2.023134
0.706000 2.025157
0.707000 2.027182
0.708000 2.029209
0.709000 2.031239
0.710000 2.033270
0.711000 2.035303
0.712000 2.037338
0.713000 2.039376
0.714000 2.041415
0.715000 2.043457
0.716000 2.045500
0.717000 2.047545
0.718000 2.049593
0.719000 2.051643
0.720000 2.053694
0.721000 2.055748
0.722000 2.057804
0.723000 2.059861
0.724000 2.061921
0.725000 2.063983
0.726000 2.066047
0.727000 2.068113
0.728000 2.070181
0.729000 2.072252
0.730000 2.074324
0.731000 2.076398
0.732000 2.078475
0.733000 2.080553
0.734000 2.082634
0.735000 2.084716
0.736000 2.086801
0.737000 2.088888
0.738000 2.090977
0.739000 2.093068
0.740000 2.095161
0.741000 2.097256
0.742000 2.099353
0.743000 2.101452
0.744000 2.103554
0.745000 2.105657
0.746000 2.107763
0.747000 2.109871
0.748000 2.111981
0.749000 2.114093
0.750000 2.116207
0.751000 2.118323
0.752000 2.120441
0.753000 2.122562
0.754000 2.124684
0.755000 2.126809
0.756000 2.128936
0.757000 2.131065
0.758000 2.133196
0.759000 2.135329
0.760000 2.137464
0.761000 2.139602
0.762000 2.141741
0.763000 2.143883
0.764000 2.146027
0.765000 2.148173
0.766000 2.150321
0.767000 2.152472
0.768000 2.154624
0.769000 2.156779
0.770000 2.158935
0.771000 2.161094
0.772000 2.163255
0.773000 2.165419
0.774000 2.167584
0.775000 2.169752
0.776000 2.171921
0.777000 2.174093
0.778000 2.176268
0.779000 2.178444
0.780000 2.180622
0.781000 2.182803
0.782000 2.184986
0.783000 2.187171
0.784000 2.189358
0.785000 2.191547
0.786000 2.193739
0.787000 2.195932
0.788000 2.198128
0.789000 2.200327
0.790000 2.202527
0.791000 2.204729
0.792000 2.206934
0.793000 2.209141
0.794000 2.211350
0.795000 2.213562
0.796000 2.215775
0.797000 2.217991
0.798000 2.220209
0.799000 2.222429
0.800000 2.224651
0.801000 2.226876
0.802000 2.229103
0.803000 2.231332
0.804000 2.233563
0.805000 2.235797
0.806000 2.238033
0.807000 2.240271
0.808000 2.242511
0.809000 2.244754
0.810000 2.246998
0.811000 2.249245
0.812000 2.251495
0.813000 2.253746
0.814000 2.256000
0.815000 2.258256
0.816000 2.260514
0.817000 2.262775
0.818000 2.265037
0.819000 2.267302
0.820000 2.269570
0.821000 2.271839
0.822000 2.274111
0.823000 2.276385
0.824000 2.278662
0.825000 2.280940
0.826000 2.283221
0.827000 2.285504
0.828000 2.287790
0.829000 2.290078
0.830000 2.292368
0.831000 2.294660
0.832000 2.296955
0.833000 2.299252
0.834000 2.301551
0.835000 2.303853
0.836000 2.306156
0.837000 2.308463
0.838000 2.310771
0.839000 2.313082
0.840000 2.315395
0.841000 2.317710
0.842000 2.320028
0.843000 2.322348
0.844000 2.324670
0.845000 2.326995
0.846000 2.329322
0.847000 2.331651
0.848000 2.333983
0.849000 2.336317
0.850000 2.338653
0.851000 2.340992
0.852000 2.343333
0.853000 2.345676
0.854000 2.348022
0.855000 2.350370
0.856000 2.352720
0.857000 2.355073
0.858000 2.357428
0.859000 2.359786
0.860000 2.362145
0.861000 2.364508
0.862000 2.366872
0.863000 2.369239
0.864000 2.371608
0.865000 2.373980
0.866000 2.376354
0.867000 2.378730
0.868000 2.381109
0.869000 2.383490
0.870000 2.385873
0.871000 2.388259
0.872000 2.390648
0.873000 2.393038
0.874000 2.395431
0.875000 2.397827
0.876000 2.400225
0.877000 2.402625
0.878000 2.405027
0.879000 2.407432
0.880000 2.409840
0.881000 2.412250
0.882000 2.414662
0.883000 2.417077
0.884000 2.419494
0.885000 2.421913
0.886000 2.424335
0.887000 2.426759
0.888000 2.429186
0.889000 2.431615
0.890000 2.434047
0.891000 2.436481
0.892000 2.438918
0.893000 2.441356
0.894000 2.443798
0.895000 2.446242
0.896000 2.448688
0.897000 2.451137
0.898000 2.453588
0.899000 2.456041
0.900000 2.458497
0.901000 2.460956
0.902000 2.463417
0.903000 2.465880
0.904000 2.468346
0.905000 2.470814
0.906000 2.473285
0.907000 2.475758
0.908000 2.478234
0.909000 2.480712
0.910000 2.483193
0.911000 2.485676
0.912000 2.488162
0.913000 2.490650
0.914000 2.493141
0.915000 2.495634
0.916000 2.498130
0.917000 2.500628
0.918000 2.503128
0.919000 2.505632
0.920000 2.508137
0.921000 2.510645
0.922000 2.513156
0.923000 2.515669
0.924000 2.518185
0.925000 2.520703
0.926000 2.523224
0.927000 2.525747
0.928000 2.528273
0.929000 2.530801
0.930000 2.533332
0.931000 2.535865
0.932000 2.538401
0.933000 2.540939
0.934000 2.543480
0.935000 2.546024
0.936000 2.548570
0.937000 2.551118
0.938000 2.553669
0.939000 2.556223
0.940000 2.558779
0.941000 2.561338
0.942000 2.563899
0.943000 2.566463
0.944000 2.569030
0.945000 2.571599
0.946000 2.574170
0.947000 2.576745
0.948000 2.579321
0.949000 2.581901
0.950000 2.584483
0.951000 2.587067
0.952000 2.589654
0.953000 2.592244
0.954000 2.594836
0.955000 2.597431
0.956000 2.600028
0.957000 2.602628
0.958000 2.605231
0.959000 2.607836
0.960000 2.610444
0.961000 2.613054
0.962000 2.615667
0.963000 2.618283
0.964000 2.620901
0.965000 2.623522
0.966000 2.626146
0.967000 2.628772
0.968000 2.631401
0.969000 2.634032
0.970000 2.636666
0.971000 2.639303
0.972000 2.641942
0.973000 2.644584
0.974000 2.647229
0.975000 2.649876
0.976000 2.652526
0.977000 2.655178
0.978000 2.657834
0.979000 2.660491
0.980000 2.663152
0.981000 2.665815
0.982000 2.668481
0.983000 2.671149
0.984000 2.673820
0.985000 2.676494
0.986000 2.679171
0.987000 2.681850
0.988000 2.684532
0.989000 2.687216
0.990000 2.689904
0.991000 2.692593
0.992000 2.695286
0.993000 2.697981
0.994000 2.700679
0.995000 2.703380
0.996000 2.706083
0.997000 2.708789
0.998000 2.711498
0.999000 2.714210
1.000000 2.716924
1.001000 2.719641
1.002000 2.722360
1.003000 2.725083
1.004000 2.727808
1.005000 2.730536
1.006000 2.733266
1.007000 2.736000
1.008000 2.738736
1.009000 2.741474
1.010000 2.744216
1.011000 2.746960
1.012000 2.749707
1.013000 2.752457
1.014000 2.755209
1.015000 2.757964
1.016000 2.760722
1.017000 2.763483
1.018000 2.766246
1.019000 2.769013
1.020000 2.771782
1.021000 2.774554
1.022000 2.777328
1.023000 2.780105
1.024000 2.782886
1.025000 2.785668
1.026000 2.788454
1.027000 2.791243
1.028000 2.794034
1.029000 2.796828
1.030000 2.799625
1.031000 2.802424
1.032000 2.805227
1.033000 2.808032
1.034000 2.810840
1.035000 2.813651
1.036000 2.816464
1.037000 2.819281
1.038000 2.822100
1.039000 2.824922
1.040000 2.827747
1.041000 2.830575
1.042000 2.833406
1.043000 2.836239
1.044000 2.839075
1.045000 2.841914
1.046000 2.844756
1.047000 2.847601
1.048000 2.850448
1.049000 2.853299
1.050000 2.856152
1.051000 2.859008
1.052000 2.861867
1.053000 2.864729
1.054000 2.867594
1.055000 2.870462
1.056000 2.873332
1.057000 2.876205
1.058000 2.879082
1.059000 2.881961
1.060000 2.884843
1.061000 2.887727
1.062000 2.890615
1.063000 2.893506
1.064000 2.896399
1.065000 2.899296
1.066000 2.902195
1.067000 2.905097
1.068000 2.908002
1.069000 2.910910
1.070000 2.913821
1.071000 2.916735
1.072000 2.919652
1.073000 2.922571
1.074000 2.925494
1.075000 2.928420
1.076000 2.931348
1.077000 2.934279
1.078000 2.937214
1.079000 2.940151
1.080000 2.943091
1.081000 2.946034
1.082000 2.948980
1.083000 2.951929
1.084000 2.954881
1.085000 2.957836
1.086000 2.960794
1.087000 2.963754
1.088000 2.966718
1.089000 2.969685
1.090000 2.972655
1.091000 2.975627
1.092000 2.978603
1.093000 2.981581
1.094000 2.984563
1.095000 2.987548
1.096000 2.990535
1.097000 2.993526
1.098000 2.996519
1.099000 2.999516
1.100000 3.002515
1.101000 3.005518
1.102000 3.008523
1.103000 3.011532
1.104000 3.014543
1.105000 3.017558
1.106000 3.020575
1.107000 3.023596
1.108000 3.026620
1.109000 3.029646
1.110000 3.032676
1.111000 3.035709
1.112000 3.038744
1.113000 3.041783
1.114000 3.044825
1.115000 3.047870
1.116000 3.050918
1.117000 3.053968
1.118000 3.057022
1.119000 3.060079
1.120000 3.063140
1.121000 3.066203
1.122000 3.069269
1.123000 3.072338
1.124000 3.075410
1.125000 3.078486
1.126000 3.081564
1.127000 3.084646
1.128000 3.087731
1.129000 3.090818
1.130000 3.093909
1.131000 3.097003
1.132000 3.100100
1.133000 3.103200
1.134000 3.106303
1.135000 3.109410
1.136000 3.112519
1.137000 3.115632
1.138000 3.118747
1.139000 3.121866
1.140000 3.124988
1.141000 3.128113
1.142000 3.131241
1.143000 3.134372
1.144000 3.137507
1.145000 3.140644
1.146000 3.143785
1.147000 3.146928
1.148000 3.150075
1.149000 3.153225
1.150000 3.156379
1.151000 3.159535
1.152000 3.162695
1.153000 3.165857
1.154000 3.169023
1.155000 3.172192
1.156000 3.175364
1.157000 3.178540
1.158000 3.181718
1.159000 3.184900
1.160000 3.188085
1.161000 3.191273
1.162000 3.194464
1.163000 3.197659
1.164000 3.200856
1.165000 3.204057
1.166000 3.207261
1.167000 3.210469
1.168000 3.213679
1.169000 3.216893
1.170000 3.220110
1.171000 3.223330
1.172000 3.226553
1.173000 3.229780
1.174000 3.233009
1.175000 3.236242
1.176000 3.239479
1.177000 3.242718
1.178000 3.245961
1.179000 3.249207
1.180000 3.252456
1.181000 3.255708
1.182000 3.258964
1.183000 3.262223
1.184000 3.265485
1.185000 3.268751
1.186000 3.272020
1.187000 3.275292
1.188000 3.278567
1.189000 3.281845
1.190000 3.285127
1.191000 3.288412
1.192000 3.291701
1.193000 3.294993
1.194000 3.298288
1.195000 3.301586
1.196000 3.304887
1.197000 3.308192
1.198000 3.311500
1.199000 3.314812
1.200000 3.318127
1.201000 3.321445
1.202000 3.324766
1.203000 3.328091
1.204000 3.331419
1.205000 3.334751
1.206000 3.338085
1.207000 3.341423
1.208000 3.344765
1.209000 3.348110
1.210000 3.351458
1.211000 3.354809
1.212000 3.358164
1.213000 3.361522
1.214000 3.364884
1.215000 3.368249
1.216000 3.371617
1.217000 3.374988
1.218000 3.378363
1.219000 3.381742
1.220000 3.385124
1.221000 3.388509
1.222000 3.391897
1.223000 3.395289
1.224000 3.398684
1.225000 3.402083
1.226000 3.405485
1.227000 3.408891
1.228000 3.412300
1.229000 3.415712
1.230000 3.419128
1.231000 3.422547
1.232000 3.425969
1.233000 3.429395
1.234000 3.432825
1.235000 3.436257
1.236000 3.439694
1.237000 3.443133
1.238000 3.446576
1.239000 3.450023
1.240000 3.453473
1.241000 3.456927
1.242000 3.460383
1.243000 3.463844
1.244000 3.467308
1.245000 3.470775
1.246000 3.474246
1.247000 3.477720
1.248000 3.481198
1.249000 3.484679
1.250000 3.488164
1.251000 3.491652
1.252000 3.495143
1.253000 3.498639
1.254000 3.502137
1.255000 3.505639
1.256000 3.509145
1.257000 3.512654
1.258000 3.516167
1.259000 3.519683
1.260000 3.523203
1.261000 3.526726
1.262000 3.530253
1.263000 3.533783
1.264000 3.537317
1.265000 3.540854
1.266000 3.544395
1.267000 3.547939
1.268000 3.551487
1.269000 3.555039
1.270000 3.558594
1.271000 3.562152
1.272000 3.565714
1.273000 3.569280
1.274000 3.572849
1.275000 3.576422
1.276000 3.579999
1.277000 3.583579
1.278000 3.587162
1.279000 3.590749
1.280000 3.594340
1.281000 3.597934
1.282000 3.601532
1.283000 3.605134
1.284000 3.608739
1.285000 3.612348
1.286000 3.615960
1.287000 3.619576
1.288000 3.623196
1.289000 3.626819
1.290000 3.630446
1.291000 3.634076
1.292000 3.637710
1.293000 3.641348
1.294000 3.644989
1.295000 3.648634
1.296000 3.652283
1.297000 3.655935
1.298000 3.659591
1.299000 3.663251
1.300000 3.666914
1.301000 3.670581
1.302000 3.674251
1.303000 3.677926
1.304000 3.681604
1.305000 3.685285
1.306000 3.688971
1.307000 3.692660
1.308000 3.696352
1.309000 3.700049
1.310000 3.703749
1.311000 3.707452
1.312000 3.711160
1.313000 3.714871
1.314000 3.718586
1.315000 3.722304
1.316000 3.726027
1.317000 3.729753
1.318000 3.733482
1.319000 3.737216
1.320000 3.740953
1.321000 3.744694
1.322000 3.748439
1.323000 3.752187
1.324000 3.755939
1.325000 3.759695
1.326000 3.763455
1.327000 3.767219
1.328000 3.770986
1.329000 3.774757
1.330000 3.778532
1.331000 3.782310
1.332000 3.786092
1.333000 3.789878
1.334000 3.793668
1.335000 3.797462
1.336000 3.801259
1.337000 3.805061
1.338000 3.808866
1.339000 3.812675
1.340000 3.816487
1.341000 3.820304
1.342000 3.824124
1.343000 3.827948
1.344000 3.831776
1.345000 3.835608
1.346000 3.839444
1.347000 3.843283
1.348000 3.847126
1.349000 3.850973
1.350000 3.854824
1.351000 3.858679
1.352000 3.862538
1.353000 3.866400
1.354000 3.870267
1.355000 3.874137
1.356000 3.878011
1.357000 3.881889
1.358000 3.885771
1.359000 3.889657
1.360000 3.893547
1.361000 3.897440
1.362000 3.901338
1.363000 3.905239
1.364000 3.909144
1.365000 3.913053
1.366000 3.916966
1.367000 3.920883
1.368000 3.924804
1.369000 3.928729
1.370000 3.932658
1.371000 3.936590
1.372000 3.940527
1.373000 3.944467
1.374000 3.948412
1.375000 3.952360
1.376000 3.956313
1.377000 3.960269
1.378000 3.964229
1.379000 3.968194
1.380000 3.972162
1.381000 3.976134
1.382000 3.980110
1.383000 3.984090
1.384000 3.988074
1.385000 3.992062
1.386000 3.996054
1.387000 4.000050
1.388000 4.004050
1.389000 4.008055
1.390000 4.012063
1.391000 4.016075
1.392000 4.020091
1.393000 4.024111
1.394000 4.028135
1.395000 4.032163
1.396000 4.036195
1.397000 4.040231
1.398000 4.044272
1.399000 4.048316
1.400000 4.052364
1.401000 4.056417
1.402000 4.060473
1.403000 4.064533
1.404000 4.068598
1.405000 4.072667
1.406000 4.076739
1.407000 4.080816
1.408000 4.084897
1.409000 4.088982
1.410000 4.093071
1.411000 4.097164
1.412000 4.101261
1.413000 4.105362
1.414000 4.109468
1.415000 4.113577
1.416000 4.117691
1.417000 4.121808
1.418000 4.125930
1.419000 4.130056
1.420000 4.134186
1.421000 4.138320
1.422000 4.142459
1.423000 4.146601
1.424000 4.150748
1.425000 4.154898
1.426000 4.159053
1.427000 4.163212
1.428000 4.167376
1.429000 4.171543
1.430000 4.175714
1.431000 4.179890
1.432000 4.184070
1.433000 4.188254
1.434000 4.192442
1.435000 4.196635
1.436000 4.200831
1.437000 4.205032
1.438000 4.209237
1.439000 4.213447
1.440000 4.217660
1.441000 4.221878
1.442000 4.226100
1.443000 4.230326
1.444000 4.234556
1.445000 4.238791
1.446000 4.243029
1.447000 4.247272
1.448000 4.251520
1.449000 4.255771
1.450000 4.260027
1.451000 4.264287
1.452000 4.268551
1.453000 4.272820
1.454000 4.277093
1.455000 4.281370
1.456000 4.285651
1.457000 4.289937
1.458000 4.294227
1.459000 4.298521
1.460000 4.302819
1.461000 4.307122
1.462000 4.311429
1.463000 4.315741
1.464000 4.320057
1.465000 4.324377
1.466000 4.328701
1.467000 4.333030
1.468000 4.337363
1.469000 4.341700
1.470000 4.346042
1.471000 4.350388
1.472000 4.354738
1.473000 4.359093
1.474000 4.363452
1.475000 4.367815
1.476000 4.372183
1.477000 4.376555
1.478000 4.380932
1.479000 4.385313
1.480000 4.389698
1.481000 4.394088
1.482000 4.398482
1.483000 4.402881
1.484000 4.407283
1.485000 4.411691
1.486000 4.416102
1.487000 4.420518
1.488000 4.424939
1.489000 4.429364
1.490000 4.433793
1.491000 4.438227
1.492000 4.442665
1.493000 4.447108
1.494000 4.451555
1.495000 4.456007
1.496000 4.460463
1.497000 4.464923
1.498000 4.469388
1.499000 4.473857
1.500000 4.478331
1.501000 4.482810
1.502000 4.487292
1.503000 4.491780
1.504000 4.496272
1.505000 4.500768
1.506000 4.505269
1.507000 4.509774
1.508000 4.514284
1.509000 4.518798
1.510000 4.523317
1.511000 4.527840
1.512000 4.532368
1.513000 4.536900
1.514000 4.541437
1.515000 4.545979
1.516000 4.550525
1.517000 4.555075
1.518000 4.559630
1.519000 4.564190
1.520000 4.568754
1.521000 4.573323
1.522000 4.577896
1.523000 4.582474
1.524000 4.587056
1.525000 4.591643
1.526000 4.596235
1.527000 4.600831
1.528000 4.605432
1.529000 4.610038
1.530000 4.614648
1.531000 4.619262
1.532000 4.623882
1.533000 4.628505
1.534000 4.633134
1.535000 4.637767
1.536000 4.642405
1.537000 4.647047
1.538000 4.651694
1.539000 4.656346
1.540000 4.661002
1.541000 4.665663
1.542000 4.670329
1.543000 4.674999
1.544000 4.679674
1.545000 4.684354
1.546000 4.689038
1.547000 4.693727
1.548000 4.698421
1.549000 4.703120
1.550000 4.707823
1.551000 4.712530
1.552000 4.717243
1.553000 4.721960
1.554000 4.726682
1.555000 4.731409
1.556000 4.736140
1.557000 4.740876
1.558000 4.745617
1.559000 4.750363
1.560000 4.755113
1.561000 4.759868
1.562000 4.764628
1.563000 4.769393
1.564000 4.774162
1.565000 4.778936
1.566000 4.783715
1.567000 4.788499
1.568000 4.793288
1.569000 4.798081
1.570000 4.802879
1.571000 4.807682
1.572000 4.812490
1.573000 4.817302
1.574000 4.822119
1.575000 4.826941
1.576000 4.831768
1.577000 4.836600
1.578000 4.841437
1.579000 4.846278
1.580000 4.851124
1.581000 4.855976
1.582000 4.860832
1.583000 4.865692
1.584000 4.870558
1.585000 4.875429
1.586000 4.880304
1.587000 4.885184
1.588000 4.890070
1.589000 4.894960
1.590000 4.899855
1.591000 4.904754
1.592000 4.909659
1.593000 4.914569
1.594000 4.919483
1.595000 4.924403
1.596000 4.929327
1.597000 4.934257
1.598000 4.939191
1.599000 4.944130
1.600000 4.949074
1.601000 4.954023
1.602000 4.958977
1.603000 4.963936
1.604000 4.968900
1.605000 4.973869
1.606000 4.978843
1.607000 4.983822
1.608000 4.988806
1.609000 4.993794
1.610000 4.998788
1.611000 5.003787
1.612000 5.008791
1.613000 5.013800
1.614000 5.018813
1.615000 5.023832
1.616000 5.028856
1.617000 5.033885
1.618000 5.038919
1.619000 5.043958
1.620000 5.049002
1.621000 5.054051
1.622000 5.059105
1.623000 5.064164
1.624000 5.069228
1.625000 5.074297
1.626000 5.079372
1.627000 5.084451
1.628000 5.089535
1.629000 5.094625
1.630000 5.099720
1.631000 5.104819
1.632000 5.109924
1.633000 5.115034
1.634000 5.120149
1.635000 5.125269
1.636000 5.130394
1.637000 5.135525
1.638000 5.140660
1.639000 5.145801
1.640000 5.150947
1.641000 5.156098
1.642000 5.161254
1.643000 5.166415
1.644000 5.171582
1.645000 5.176753
1.646000 5.181930
1.647000 5.187112
1.648000 5.192299
1.649000 5.197491
1.650000 5.202689
1.651000 5.207891
1.652000 5.213099
1.653000 5.218312
1.654000 5.223531
1.655000 5.228754
1.656000 5.233983
1.657000 5.239217
1.658000 5.244456
1.659000 5.249701
1.660000 5.254950
1.661000 5.260205
1.662000 5.265465
1.663000 5.270731
1.664000 5.276002
1.665000 5.281278
1.666000 5.286559
1.667000 5.291846
1.668000 5.297137
1.669000 5.302435
1.670000 5.307737
1.671000 5.313045
1.672000 5.318358
1.673000 5.323676
1.674000 5.329000
1.675000 5.334329
1.676000 5.339663
1.677000 5.345003
1.678000 5.350348
1.679000 5.355698
1.680000 5.361054
1.681000 5.366415
1.682000 5.371781
1.683000 5.377153
1.684000 5.382530
1.685000 5.387913
1.686000 5.393301
1.687000 5.398694
1.688000 5.404093
1.689000 5.409497
1.690000 5.414906
1.691000 5.420321
1.692000 5.425741
1.693000 5.431167
1.694000 5.436598
1.695000 5.442035
1.696000 5.447477
1.697000 5.452924
1.698000 5.458377
1.699000 5.463836
1.700000 5.469300
1.701000 5.474769
1.702000 5.480244
1.703000 5.485724
1.704000 5.491210
1.705000 5.496701
1.706000 5.502198
1.707000 5.507700
1.708000 5.513207
1.709000 5.518721
1.710000 5.524239
1.711000 5.529764
1.712000 5.535293
1.713000 5.540829
1.714000 5.546370
1.715000 5.551916
1.716000 5.557468
1.717000 5.563025
1.718000 5.568588
1.719000 5.574157
1.720000 5.579731
1.721000 5.585311
1.722000 5.590896
1.723000 5.596487
1.724000 5.602083
1.725000 5.607686
1.726000 5.613293
1.727000 5.618907
1.728000 5.624525
1.729000 5.630150
1.730000 5.635780
1.731000 5.641416
1.732000 5.647057
1.733000 5.652704
1.734000 5.658357
1.735000 5.664015
1.736000 5.669679
1.737000 5.675349
1.738000 5.681024
1.739000 5.686705
1.740000 5.692392
1.741000 5.698085
1.742000 5.703783
1.743000 5.709486
1.744000 5.715196
1.745000 5.720911
1.746000 5.726632
1.747000 5.732359
1.748000 5.738091
1.749000 5.743829
1.750000 5.749573
1.751000 5.755323
1.752000 5.761078
1.753000 5.766839
1.754000 5.772606
1.755000 5.778378
1.756000 5.784157
1.757000 5.789941
1.758000 5.795731
1.759000 5.801527
1.760000 5.807328
1.761000 5.813135
1.762000 5.818949
1.763000 5.824768
1.764000 5.830592
1.765000 5.836423
1.766000 5.842259
1.767000 5.848102
1.768000 5.853950
1.769000 5.859804
1.770000 5.865663
1.771000 5.871529
1.772000 5.877401
1.773000 5.883278
1.774000 5.889161
1.775000 5.895050
1.776000 5.900945
1.777000 5.906846
1.778000 5.912753
1.779000 5.918666
1.780000 5.924585
1.781000 5.930509
1.782000 5.936440
1.783000 5.942376
1.784000 5.948319
1.785000 5.954267
1.786000 5.960221
1.787000 5.966181
1.788000 5.972148
1.789000 5.978120
1.790000 5.984098
1.791000 5.990082
1.792000 5.996072
1.793000 6.002068
1.794000 6.008070
1.795000 6.014078
1.796000 6.020092
1.797000 6.026112
1.798000 6.032139
1.799000 6.038171
1.800000 6.044209
1.801000 6.050253
1.802000 6.056303
1.803000 6.062360
1.804000 6.068422
1.805000 6.074490
1.806000 6.080565
1.807000 6.086645
1.808000 6.092732
1.809000 6.098825
1.810000 6.104924
1.811000 6.111029
1.812000 6.117140
1.813000 6.123257
1.814000 6.129380
1.815000 6.135509
1.816000 6.141645
1.817000 6.147787
1.818000 6.153934
1.819000 6.160088
1.820000 6.166248
1.821000 6.172415
1.822000 6.178587
1.823000 6.184766
1.824000 6.190950
1.825000 6.197141
1.826000 6.203338
1.827000 6.209542
1.828000 6.215751
1.829000 6.221967
1.830000 6.228189
1.831000 6.234417
1.832000 6.240652
1.833000 6.246892
1.834000 6.253139
1.835000 6.259392
1.836000 6.265652
1.837000 6.271917
1.838000 6.278189
1.839000 6.284467
1.840000 6.290752
1.841000 6.297043
1.842000 6.303340
1.843000 6.309643
1.844000 6.315953
1.845000 6.322269
1.846000 6.328591
1.847000 6.334920
1.848000 6.341254
1.849000 6.347596
1.850000 6.353943
1.851000 6.360297
1.852000 6.366658
1.853000 6.373024
1.854000 6.379397
1.855000 6.385777
1.856000 6.392162
1.857000 6.398555
1.858000 6.404953
1.859000 6.411358
1.860000 6.417769
1.861000 6.424187
1.862000 6.430611
1.863000 6.437042
1.864000 6.443479
1.865000 6.449923
1.866000 6.456372
1.867000 6.462829
1.868000 6.469292
1.869000 6.475761
1.870000 6.482237
1.871000 6.488719
1.872000 6.495208
1.873000 6.501703
1.874000 6.508205
1.875000 6.514713
1.876000 6.521227
1.877000 6.527749
1.878000 6.534276
1.879000 6.540811
1.880000 6.547352
1.881000 6.553899
1.882000 6.560453
1.883000 6.567013
1.884000 6.573580
1.885000 6.580154
1.886000 6.586734
1.887000 6.593321
1.888000 6.599914
1.889000 6.606514
1.890000 6.613120
1.891000 6.619734
1.892000 6.626353
1.893000 6.632980
1.894000 6.639613
1.895000 6.646252
1.896000 6.652899
1.897000 6.659551
1.898000 6.666211
1.899000 6.672877
1.900000 6.679550
1.901000 6.686230
1.902000 6.692916
1.903000 6.699609
1.904000 6.706308
1.905000 6.713015
1.906000 6.719728
1.907000 6.726447
1.908000 6.733174
1.909000 6.739907
1.910000 6.746647
1.911000 6.753394
1.912000 6.760147
1.913000 6.766907
1.914000 6.773674
1.915000 6.780448
1.916000 6.787228
1.917000 6.794015
1.918000 6.800809
1.919000 6.807610
1.920000 6.814418
1.921000 6.821232
1.922000 6.828053
1.923000 6.834882
1.924000 6.841716
1.925000 6.848558
1.926000 6.855407
1.927000 6.862262
1.928000 6.869124
1.929000 6.875994
1.930000 6.882869
1.931000 6.889752
1.932000 6.896642
1.933000 6.903539
1.934000 6.910442
1.935000 6.917353
1.936000 6.924270
1.937000 6.931194
1.938000 6.938126
1.939000 6.945064
1.940000 6.952009
1.941000 6.958961
1.942000 6.965920
1.943000 6.972886
1.944000 6.979859
1.945000 6.986838
1.946000 6.993825
1.947000 7.000819
1.948000 7.007820
1.949000 7.014828
1.950000 7.021843
1.951000 7.028864
1.952000 7.035893
1.953000 7.042929
1.954000 7.049972
1.955000 7.057022
1.956000 7.064079
1.957000 7.071143
1.958000 7.078214
1.959000 7.085292
1.960000 7.092378
1.961000 7.099470
1.962000 7.106570
1.963000 7.113676
1.964000 7.120790
1.965000 7.127911
1.966000 7.135039
1.967000 7.142174
1.968000 7.149316
1.969000 7.156465
1.970000 7.163622
1.971000 7.170785
1.972000 7.177956
1.973000 7.185134
1.974000 7.192319
1.975000 7.199511
1.976000 7.206711
1.977000 7.213918
1.978000 7.221132
1.979000 7.228353
1.980000 7.235581
1.981000 7.242817
1.982000 7.250059
1.983000 7.257309
1.984000 7.264567
1.985000 7.271831
1.986000 7.279103
1.987000 7.286382
1.988000 7.293669
1.989000 7.300962
1.990000 7.308263
1.991000 7.315572
1.992000 7.322887
1.993000 7.330210
1.994000 7.337540
1.995000 7.344878
1.996000 7.352223
1.997000 7.359575
1.998000 7.366934
1.999000 7.374301
2.000000 7.381676
2.001000 7.389057
2.002000 7.396446
2.003000 7.403843
2.004000 7.411247
2.005000 7.418658
2.006000 7.426077
2.007000 7.433503
2.008000 7.440936
2.009000 7.448377
2.010000 7.455825
2.011000 7.463281
2.012000 7.470745
2.013000 7.478215
2.014000 7.485694
2.015000 7.493179
2.016000 7.500672
2.017000 7.508173
2.018000 7.515681
2.019000 7.523197
2.020000 7.530720
2.021000 7.538251
2.022000 7.545789
2.023000 7.553335
2.024000 7.560888
2.025000 7.568449
2.026000 7.576018
2.027000 7.583594
2.028000 7.591177
2.029000 7.598768
2.030000 7.606367
2.031000 7.613973
2.032000 7.621587
2.033000 7.629209
2.034000 7.636838
2.035000 7.644475
2.036000 7.652120
2.037000 7.659772
2.038000 7.667431
2.039000 7.675099
2.040000 7.682774
2.041000 7.690457
2.042000 7.698147
2.043000 7.705845
2.044000 7.713551
2.045000 7.721265
2.046000 7.728986
2.047000 7.736715
2.048000 7.744452
2.049000 7.752196
2.050000 7.759948
2.051000 7.767708
2.052000 7.775476
2.053000 7.783252
2.054000 7.791035
2.055000 7.798826
2.056000 7.806625
2.057000 7.814431
2.058000 7.822246
2.059000 7.830068
2.060000 7.837898
2.061000 7.845736
2.062000 7.853582
2.063000 7.861435
2.064000 7.869297
2.065000 7.877166
2.066000 7.885043
2.067000 7.892928
2.068000 7.900821
2.069000 7.908722
2.070000 7.916631
2.071000 7.924547
2.072000 7.932472
2.073000 7.940404
2.074000 7.948345
2.075000 7.956293
2.076000 7.964249
2.077000 7.972214
2.078000 7.980186
2.079000 7.988166
2.080000 7.996154
2.081000 8.004150
2.082000 8.012154
2.083000 8.020167
2.084000 8.028187
2.085000 8.036215
2.086000 8.044251
2.087000 8.052295
2.088000 8.060348
2.089000 8.068408
2.090000 8.076476
2.091000 8.084553
2.092000 8.092637
2.093000 8.100730
2.094000 8.108831
2.095000 8.116940
2.096000 8.125057
2.097000 8.133182
2.098000 8.141315
2.099000 8.149456
2.100000 8.157606
2.101000 8.165763
2.102000 8.173929
2.103000 8.182103
2.104000 8.190285
2.105000 8.198475
2.106000 8.206674
2.107000 8.214880
2.108000 8.223095
2.109000 8.231318
2.110000 8.239550
2.111000 8.247789
2.112000 8.256037
2.113000 8.264293
2.114000 8.272557
2.115000 8.280830
2.116000 8.289111
2.117000 8.297400
2.118000 8.305697
2.119000 8.314003
2.120000 8.322317
2.121000 8.330639
2.122000 8.338970
2.123000 8.347309
2.124000 8.355656
2.125000 8.364012
2.126000 8.372376
2.127000 8.380748
2.128000 8.389129
2.129000 8.397518
2.130000 8.405916
2.131000 8.414322
2.132000 8.422736
2.133000 8.431159
2.134000 8.439590
2.135000 8.448029
2.136000 8.456477
2.137000 8.464934
2.138000 8.473399
2.139000 8.481872
2.140000 8.490354
2.141000 8.498845
2.142000 8.507343
2.143000 8.515851
2.144000 8.524367
2.145000 8.532891
2.146000 8.541424
2.147000 8.549965
2.148000 8.558515
2.149000 8.567074
2.150000 8.575641
2.151000 8.584216
2.152000 8.592801
2.153000 8.601393
2.154000 8.609995
2.155000 8.618605
2.156000 8.627223
2.157000 8.635851
2.158000 8.644486
2.159000 8.653131
2.160000 8.661784
2.161000 8.670446
2.162000 8.679116
2.163000 8.687795
2.164000 8.696483
2.165000 8.705180
2.166000 8.713885
2.167000 8.722599
2.168000 8.731321
2.169000 8.740053
2.170000 8.748793
2.171000 8.757542
2.172000 8.766299
2.173000 8.775065
2.174000 8.783840
2.175000 8.792624
2.176000 8.801417
2.177000 8.810218
2.178000 8.819029
2.179000 8.827848
2.180000 8.836675
2.181000 8.845512
2.182000 8.854358
2.183000 8.863212
2.184000 8.872075
2.185000 8.880947
2.186000 8.889828
2.187000 8.898718
2.188000 8.907617
2.189000 8.916524
2.190000 8.925441
2.191000 8.934366
2.192000 8.943301
2.193000 8.952244
2.194000 8.961196
2.195000 8.970157
2.196000 8.979128
2.197000 8.988107
2.198000 8.997095
2.199000 9.006092
2.200000 9.015098
2.201000 9.024113
2.202000 9.033137
2.203000 9.042170
2.204000 9.051213
2.205000 9.060264
2.206000 9.069324
2.207000 9.078393
2.208000 9.087472
2.209000 9.096559
2.210000 9.105656
2.211000 9.114761
2.212000 9.123876
2.213000 9.133000
2.214000 9.142133
2.215000 9.151275
2.216000 9.160426
2.217000 9.169587
2.218000 9.178757
2.219000 9.187935
2.220000 9.197123
2.221000 9.206320
2.222000 9.215527
2.223000 9.224742
2.224000 9.233967
2.225000 9.243201
2.226000 9.252444
2.227000 9.261697
2.228000 9.270958
2.229000 9.280229
2.230000 9.289509
2.231000 9.298799
2.232000 9.308098
2.233000 9.317406
2.234000 9.326723
2.235000 9.336050
2.236000 9.345386
2.237000 9.354731
2.238000 9.364086
2.239000 9.373450
2.240000 9.382824
2.241000 9.392206
2.242000 9.401599
2.243000 9.411000
2.244000 9.420411
2.245000 9.429832
2.246000 9.439262
2.247000 9.448701
2.248000 9.458149
2.249000 9.467608
2.250000 9.477075
2.251000 9.486552
2.252000 9.496039
2.253000 9.505535
2.254000 9.515040
2.255000 9.524555
2.256000 9.534080
2.257000 9.543614
2.258000 9.553158
2.259000 9.562711
2.260000 9.572274
2.261000 9.581846
2.262000 9.591428
2.263000 9.601019
2.264000 9.610620
2.265000 9.620231
2.266000 9.629851
2.267000 9.639481
2.268000 9.649120
2.269000 9.658769
2.270000 9.668428
2.271000 9.678097
2.272000 9.687775
2.273000 9.697463
2.274000 9.707160
2.275000 9.716867
2.276000 9.726584
2.277000 9.736311
2.278000 9.746047
2.279000 9.755793
2.280000 9.765549
2.281000 9.775314
2.282000 9.785090
2.283000 9.794875
2.284000 9.804670
2.285000 9.814474
2.286000 9.824289
2.287000 9.834113
2.288000 9.843947
2.289000 9.853791
2.290000 9.863645
2.291000 9.873509
2.292000 9.883382
2.293000 9.893265
2.294000 9.903159
2.295000 9.913062
2.296000 9.922975
2.297000 9.932898
2.298000 9.942831
2.299000 9.952774
2.300000 9.962726
2.301000 9.972689
2.302000 9.982662
2.303000 9.992644
2.304000 10.002637
2.305000 10.012640
2.306000 10.022652
2.307000 10.032675
2.308000 10.042708
2.309000 10.052750
2.310000 10.062803
2.311000 10.072866
2.312000 10.082939
2.313000 10.093022
2.314000 10.103115
2.315000 10.113218
2.316000 10.123331
2.317000 10.133454
2.318000 10.143588
2.319000 10.153731
2.320000 10.163885
2.321000 10.174049
2.322000 10.184223
2.323000 10.194407
2.324000 10.204602
2.325000 10.214806
2.326000 10.225021
2.327000 10.235246
2.328000 10.245481
2.329000 10.255727
2.330000 10.265983
2.331000 10.276249
2.332000 10.286525
2.333000 10.296811
2.334000 10.307108
2.335000 10.317415
2.336000 10.327733
2.337000 10.338060
2.338000 10.348399
2.339000 10.358747
2.340000 10.369106
2.341000 10.379475
2.342000 10.389854
2.343000 10.400244
2.344000 10.410644
2.345000 10.421055
2.346000 10.431476
2.347000 10.441908
2.348000 10.452349
2.349000 10.462802
2.350000 10.473265
2.351000 10.483738
2.352000 10.494222
2.353000 10.504716
2.354000 10.515221
2.355000 10.525736
2.356000 10.536262
2.357000 10.546798
2.358000 10.557345
2.359000 10.567902
2.360000 10.578470
2.361000 10.589048
2.362000 10.599637
2.363000 10.610237
2.364000 10.620847
2.365000 10.631468
2.366000 10.642100
2.367000 10.652742
2.368000 10.663394
2.369000 10.674058
2.370000 10.684732
2.371000 10.695417
2.372000 10.706112
2.373000 10.716818
2.374000 10.727535
2.375000 10.738262
2.376000 10.749001
2.377000 10.759750
2.378000 10.770509
2.379000 10.781280
2.380000 10.792061
2.381000 10.802853
2.382000 10.813656
2.383000 10.824470
2.384000 10.835294
2.385000 10.846130
2.386000 10.856976
2.387000 10.867833
2.388000 10.878701
2.389000 10.889579
2.390000 10.900469
2.391000 10.911369
2.392000 10.922281
2.393000 10.933203
2.394000 10.944136
2.395000 10.955080
2.396000 10.966035
2.397000 10.977001
2.398000 10.987978
2.399000 10.998966
2.400000 11.009965
2.401000 11.020975
2.402000 11.031996
2.403000 11.043028
2.404000 11.054071
2.405000 11.065125
2.406000 11.076190
2.407000 11.087267
2.408000 11.098354
2.409000 11.109452
2.410000 11.120562
2.411000 11.131682
2.412000 11.142814
2.413000 11.153957
2.414000 11.165111
2.415000 11.176276
2.416000 11.187452
2.417000 11.198640
2.418000 11.209838
2.419000 11.221048
2.420000 11.232269
2.421000 11.243501
2.422000 11.254745
2.423000 11.266000
2.424000 11.277266
2.425000 11.288543
2.426000 11.299831
2.427000 11.311131
2.428000 11.322442
2.429000 11.333765
2.430000 11.345099
2.431000 11.356444
2.432000 11.367800
2.433000 11.379168
2.434000 11.390547
2.435000 11.401938
2.436000 11.413340
2.437000 11.424753
2.438000 11.436178
2.439000 11.447614
2.440000 11.459061
2.441000 11.470521
2.442000 11.481991
2.443000 11.493473
2.444000 11.504967
2.445000 11.516471
2.446000 11.527988
2.447000 11.539516
2.448000 11.551055
2.449000 11.562607
2.450000 11.574169
2.451000 11.585743
2.452000 11.597329
2.453000 11.608926
2.454000 11.620535
2.455000 11.632156
2.456000 11.643788
2.457000 11.655432
2.458000 11.667087
2.459000 11.678754
2.460000 11.690433
2.461000 11.702123
2.462000 11.713826
2.463000 11.725539
2.464000 11.737265
2.465000 11.749002
2.466000 11.760751
2.467000 11.772512
2.468000 11.784285
2.469000 11.796069
2.470000 11.807865
2.471000 11.819673
2.472000 11.831492
2.473000 11.843324
2.474000 11.855167
2.475000 11.867022
2.476000 11.878889
2.477000 11.890768
2.478000 11.902659
2.479000 11.914562
2.480000 11.926476
2.481000 11.938403
2.482000 11.950341
2.483000 11.962291
2.484000 11.974254
2.485000 11.986228
2.486000 11.998214
2.487000 12.010212
2.488000 12.022223
2.489000 12.034245
2.490000 12.046279
2.491000 12.058325
2.492000 12.070384
2.493000 12.082454
2.494000 12.094537
2.495000 12.106631
2.496000 12.118738
2.497000 12.130857
2.498000 12.142987
2.499000 12.155130
2.500000 12.167285
2.501000 12.179453
2.502000 12.191632
2.503000 12.203824
2.504000 12.216028
2.505000 12.228244
2.506000 12.240472
2.507000 12.252712
2.508000 12.264965
2.509000 12.277230
2.510000 12.289507
2.511000 12.301797
2.512000 12.314099
2.513000 12.326413
2.514000 12.338739
2.515000 12.351078
2.516000 12.363429
2.517000 12.375792
2.518000 12.388168
2.519000 12.400556
2.520000 12.412957
2.521000 12.425370
2.522000 12.437795
2.523000 12.450233
2.524000 12.462683
2.525000 12.475146
2.526000 12.487621
2.527000 12.500109
2.528000 12.512609
2.529000 12.525121
2.530000 12.537647
2.531000 12.550184
2.532000 12.562734
2.533000 12.575297
2.534000 12.587872
2.535000 12.600460
2.536000 12.613061
2.537000 12.625674
2.538000 12.638299
2.539000 12.650938
2.540000 12.663589
2.541000 12.676252
2.542000 12.688929
2.543000 12.701617
2.544000 12.714319
2.545000 12.727033
2.546000 12.739760
2.547000 12.752500
2.548000 12.765253
2.549000 12.778018
2.550000 12.790796
2.551000 12.803587
2.552000 12.816390
2.553000 12.829207
2.554000 12.842036
2.555000 12.854878
2.556000 12.867733
2.557000 12.880601
2.558000 12.893481
2.559000 12.906375
2.560000 12.919281
2.561000 12.932200
2.562000 12.945133
2.563000 12.958078
2.564000 12.971036
2.565000 12.984007
2.566000 12.996991
2.567000 13.009988
2.568000 13.022998
2.569000 13.036021
2.570000 13.049057
2.571000 13.062106
2.572000 13.075168
2.573000 13.088243
2.574000 13.101331
2.575000 13.114433
2.576000 13.127547
2.577000 13.140675
2.578000 13.153815
2.579000 13.166969
2.580000 13.180136
2.581000 13.193316
2.582000 13.206510
2.583000 13.219716
2.584000 13.232936
2.585000 13.246169
2.586000 13.259415
2.587000 13.272674
2.588000 13.285947
2.589000 13.299233
2.590000 13.312532
2.591000 13.325845
2.592000 13.339171
2.593000 13.352510
2.594000 13.365862
2.595000 13.379228
2.596000 13.392607
2.597000 13.406000
2.598000 13.419406
2.599000 13.432825
2.600000 13.446258
2.601000 13.459704
2.602000 13.473164
2.603000 13.486637
2.604000 13.500124
2.605000 13.513624
2.606000 13.527138
2.607000 13.540665
2.608000 13.554206
2.609000 13.567760
2.610000 13.581327
2.611000 13.594909
2.612000 13.608504
2.613000 13.622112
2.614000 13.635734
2.615000 13.649370
2.616000 13.663019
2.617000 13.676682
2.618000 13.690359
2.619000 13.704049
2.620000 13.717754
2.621000 13.731471
2.622000 13.745203
2.623000 13.758948
2.624000 13.772707
2.625000 13.786480
2.626000 13.800266
2.627000 13.814066
2.628000 13.827880
2.629000 13.841708
2.630000 13.855550
2.631000 13.869406
2.632000 13.883275
2.633000 13.897158
2.634000 13.911055
2.635000 13.924966
2.636000 13.938891
2.637000 13.952830
2.638000 13.966783
2.639000 13.980750
2.640000 13.994731
2.641000 14.008725
2.642000 14.022734
2.643000 14.036757
2.644000 14.050794
2.645000 14.064844
2.646000 14.078909
2.647000 14.092988
2.648000 14.107081
2.649000 14.121188
2.650000 14.135309
2.651000 14.149445
2.652000 14.163594
2.653000 14.177758
2.654000 14.191936
2.655000 14.206127
2.656000 14.220334
2.657000 14.234554
2.658000 14.248788
2.659000 14.263037
2.660000 14.277300
2.661000 14.291578
2.662000 14.305869
2.663000 14.320175
2.664000 14.334495
2.665000 14.348830
2.666000 14.363179
2.667000 14.377542
2.668000 14.391919
2.669000 14.406311
2.670000 14.420718
2.671000 14.435138
2.672000 14.449573
2.673000 14.464023
2.674000 14.478487
2.675000 14.492965
2.676000 14.507458
2.677000 14.521966
2.678000 14.536488
2.679000 14.551024
2.680000 14.565575
2.681000 14.580141
2.682000 14.594721
2.683000 14.609316
2.684000 14.623925
2.685000 14.638549
2.686000 14.653188
2.687000 14.667841
2.688000 14.682509
2.689000 14.697191
2.690000 14.711888
2.691000 14.726600
2.692000 14.741327
2.693000 14.756068
2.694000 14.770824
2.695000 14.785595
2.696000 14.800381
2.697000 14.815181
2.698000 14.829996
2.699000 14.844826
2.700000 14.859671
2.701000 14.874531
2.702000 14.889405
2.703000 14.904295
2.704000 14.919199
2.705000 14.934118
2.706000 14.949052
2.707000 14.964001
2.708000 14.978965
2.709000 14.993944
2.710000 15.008938
2.711000 15.023947
2.712000 15.038971
2.713000 15.054010
2.714000 15.069064
2.715000 15.084133
2.716000 15.099217
2.717000 15.114316
2.718000 15.129431
2.719000 15.144560
2.720000 15.159705
2.721000 15.174864
2.722000 15.190039
2.723000 15.205229
2.724000 15.220435
2.725000 15.235655
2.726000 15.250891
2.727000 15.266142
2.728000 15.281408
2.729000 15.296689
2.730000 15.311986
2.731000 15.327298
2.732000 15.342625
2.733000 15.357968
2.734000 15.373326
2.735000 15.388699
2.736000 15.404088
2.737000 15.419492
2.738000 15.434911
2.739000 15.450346
2.740000 15.465797
2.741000 15.481262
2.742000 15.496744
2.743000 15.512240
2.744000 15.527753
2.745000 15.543280
2.746000 15.558824
2.747000 15.574382
2.748000 15.589957
2.749000 15.605547
2.750000 15.621152
2.751000 15.636774
2.752000 15.652410
2.753000 15.668063
2.754000 15.683731
2.755000 15.699414
2.756000 15.715114
2.757000 15.730829
2.758000 15.746560
2.759000 15.762306
2.760000 15.778069
2.761000 15.793847
2.762000 15.809641
2.763000 15.825450
2.764000 15.841276
2.765000 15.857117
2.766000 15.872974
2.767000 15.888847
2.768000 15.904736
2.769000 15.920641
2.770000 15.936561
2.771000 15.952498
2.772000 15.968450
2.773000 15.984419
2.774000 16.000403
2.775000 16.016404
2.776000 16.032420
2.777000 16.048452
2.778000 16.064501
2.779000 16.080565
2.780000 16.096646
2.781000 16.112743
2.782000 16.128855
2.783000 16.144984
2.784000 16.161129
2.785000 16.177290
2.786000 16.193468
2.787000 16.209661
2.788000 16.225871
2.789000 16.242097
2.790000 16.258339
2.791000 16.274597
2.792000 16.290872
2.793000 16.307163
2.794000 16.323470
2.795000 16.339793
2.796000 16.356133
2.797000 16.372489
2.798000 16.388862
2.799000 16.405250
2.800000 16.421656
2.801000 16.438077
2.802000 16.454515
2.803000 16.470970
2.804000 16.487441
2.805000 16.503928
2.806000 16.520432
2.807000 16.536953
2.808000 16.553490
2.809000 16.570043
2.810000 16.586613
2.811000 16.603200
2.812000 16.619803
2.813000 16.636423
2.814000 16.653059
2.815000 16.669712
2.816000 16.686382
2.817000 16.703068
2.818000 16.719771
2.819000 16.736491
2.820000 16.753228
2.821000 16.769981
2.822000 16.786751
2.823000 16.803538
2.824000 16.820341
2.825000 16.837162
2.826000 16.853999
2.827000 16.870853
2.828000 16.887724
2.829000 16.904611
2.830000 16.921516
2.831000 16.938437
2.832000 16.955376
2.833000 16.972331
2.834000 16.989304
2.835000 17.006293
2.836000 17.023299
2.837000 17.040322
2.838000 17.057363
2.839000 17.074420
2.840000 17.091495
2.841000 17.108586
2.842000 17.125695
2.843000 17.142820
2.844000 17.159963
2.845000 17.177123
2.846000 17.194300
2.847000 17.211495
2.848000 17.228706
2.849000 17.245935
2.850000 17.263181
2.851000 17.280444
2.852000 17.297724
2.853000 17.315022
2.854000 17.332337
2.855000 17.349669
2.856000 17.367019
2.857000 17.384386
2.858000 17.401770
2.859000 17.419172
2.860000 17.436591
2.861000 17.454028
2.862000 17.471482
2.863000 17.488954
2.864000 17.506442
2.865000 17.523949
2.866000 17.541473
2.867000 17.559014
2.868000 17.576573
2.869000 17.594150
2.870000 17.611744
2.871000 17.629356
2.872000 17.646985
2.873000 17.664632
2.874000 17.682297
2.875000 17.699979
2.876000 17.717679
2.877000 17.735397
2.878000 17.753132
2.879000 17.770885
2.880000 17.788656
2.881000 17.806445
2.882000 17.824251
2.883000 17.842076
2.884000 17.859918
2.885000 17.877777
2.886000 17.895655
2.887000 17.913551
2.888000 17.931464
2.889000 17.949396
2.890000 17.967345
2.891000 17.985313
2.892000 18.003298
2.893000 18.021301
2.894000 18.039323
2.895000 18.057362
2.896000 18.075419
2.897000 18.093495
2.898000 18.111588
2.899000 18.129700
2.900000 18.147829
2.901000 18.165977
2.902000 18.184143
2.903000 18.202327
2.904000 18.220530
2.905000 18.238750
2.906000 18.256989
2.907000 18.275246
2.908000 18.293521
2.909000 18.311815
2.910000 18.330127
2.911000 18.348457
2.912000 18.366805
2.913000 18.385172
2.914000 18.403557
2.915000 18.421961
2.916000 18.440383
2.917000 18.458823
2.918000 18.477282
2.919000 18.495759
2.920000 18.514255
2.921000 18.532769
2.922000 18.551302
2.923000 18.569853
2.924000 18.588423
2.925000 18.607012
2.926000 18.625619
2.927000 18.644244
2.928000 18.662888
2.929000 18.681551
2.930000 18.700233
2.931000 18.718933
2.932000 18.737652
2.933000 18.756390
2.934000 18.775146
2.935000 18.793921
2.936000 18.812715
2.937000 18.831528
2.938000 18.850359
2.939000 18.869210
2.940000 18.888079
2.941000 18.906967
2.942000 18.925874
2.943000 18.944800
2.944000 18.963745
2.945000 18.982708
2.946000 19.001691
2.947000 19.020693
2.948000 19.039713
2.949000 19.058753
2.950000 19.077812
2.951000 19.096890
2.952000 19.115987
2.953000 19.135103
2.954000 19.154238
2.955000 19.173392
2.956000 19.192565
2.957000 19.211758
2.958000 19.230970
2.959000 19.250201
2.960000 19.269451
2.961000 19.288720
2.962000 19.308009
2.963000 19.327317
2.964000 19.346644
2.965000 19.365991
2.966000 19.385357
2.967000 19.404742
2.968000 19.424147
2.969000 19.443571
2.970000 19.463015
2.971000 19.482478
2.972000 19.501960
2.973000 19.521462
2.974000 19.540984
2.975000 19.560525
2.976000 19.580085
2.977000 19.599665
2.978000 19.619265
2.979000 19.638884
2.980000 19.658523
2.981000 19.678182
2.982000 19.697860
2.983000 19.717558
2.984000 19.737275
2.985000 19.757013
2.986000 19.776770
2.987000 19.796546
2.988000 19.816343
2.989000 19.836159
2.990000 19.855995
2.991000 19.875851
2.992000 19.895727
2.993000 19.915623
2.994000 19.935539
2.995000 19.955474
2.996000 19.975430
2.997000 19.995405
2.998000 20.015400
2.999000 20.035416
3.000000 20.055451
3.001000 20.075507
3.002000 20.095582
3.003000 20.115678
3.004000 20.135793
3.005000 20.155929
3.006000 20.176085
3.007000 20.196261
3.008000 20.216458
3.009000 20.236674
3.010000 20.256911
3.011000 20.277168
3.012000 20.297445
3.013000 20.317742
3.014000 20.338060
3.015000 20.358398
3.016000 20.378756
3.017000 20.399135
3.018000 20.419534
3.019000 20.439954
3.020000 20.460394
3.021000 20.480854
3.022000 20.501335
3.023000 20.521836
3.024000 20.542358
3.025000 20.562901
3.026000 20.583463
3.027000 20.604047
3.028000 20.624651
3.029000 20.645276
3.030000 20.665921
3.031000 20.686587
3.032000 20.707273
3.033000 20.727981
3.034000 20.748709
3.035000 20.769457
3.036000 20.790227
3.037000 20.811017
3.038000 20.831828
3.039000 20.852660
3.040000 20.873513
3.041000 20.894386
3.042000 20.915280
3.043000 20.936196
3.044000 20.957132
3.045000 20.978089
3.046000 20.999067
3.047000 21.020066
3.048000 21.041086
3.049000 21.062127
3.050000 21.083189
3.051000 21.104273
3.052000 21.125377
3.053000 21.146502
3.054000 21.167649
3.055000 21.188816
3.056000 21.210005
3.057000 21.231215
3.058000 21.252447
3.059000 21.273699
3.060000 21.294973
3.061000 21.316268
3.062000 21.337584
3.063000 21.358921
3.064000 21.380280
3.065000 21.401661
3.066000 21.423062
3.067000 21.444485
3.068000 21.465930
3.069000 21.487396
3.070000 21.508883
3.071000 21.530392
3.072000 21.551922
3.073000 21.573474
3.074000 21.595048
3.075000 21.616643
3.076000 21.638260
3.077000 21.659898
3.078000 21.681558
3.079000 21.703239
3.080000 21.724943
3.081000 21.746667
3.082000 21.768414
3.083000 21.790183
3.084000 21.811973
3.085000 21.833785
3.086000 21.855618
3.087000 21.877474
3.088000 21.899352
3.089000 21.921251
3.090000 21.943172
3.091000 21.965115
3.092000 21.987080
3.093000 22.009068
3.094000 22.031077
3.095000 22.053108
3.096000 22.075161
3.097000 22.097236
3.098000 22.119333
3.099000 22.141453
3.100000 22.163594
3.101000 22.185758
3.102000 22.207943
3.103000 22.230151
3.104000 22.252381
3.105000 22.274634
3.106000 22.296908
3.107000 22.319205
3.108000 22.341525
3.109000 22.363866
3.110000 22.386230
3.111000 22.408616
3.112000 22.431025
3.113000 22.453456
3.114000 22.475909
3.115000 22.498385
3.116000 22.520884
3.117000 22.543404
3.118000 22.565948
3.119000 22.588514
3.120000 22.611102
3.121000 22.633713
3.122000 22.656347
3.123000 22.679003
3.124000 22.701682
3.125000 22.724384
3.126000 22.747109
3.127000 22.769856
3.128000 22.792626
3.129000 22.815418
3.130000 22.838234
3.131000 22.861072
3.132000 22.883933
3.133000 22.906817
3.134000 22.929724
3.135000 22.952653
3.136000 22.975606
3.137000 22.998582
3.138000 23.021580
3.139000 23.044602
3.140000 23.067646
3.141000 23.090714
3.142000 23.113805
3.143000 23.136919
3.144000 23.160055
3.145000 23.183216
3.146000 23.206399
3.147000 23.229605
3.148000 23.252835
3.149000 23.276088
3.150000 23.299364
3.151000 23.322663
3.152000 23.345986
3.153000 23.369332
3.154000 23.392701
3.155000 23.416094
3.156000 23.439510
3.157000 23.462949
3.158000 23.486412
3.159000 23.509899
3.160000 23.533409
3.161000 23.556942
3.162000 23.580499
3.163000 23.604079
3.164000 23.627683
3.165000 23.651311
3.166000 23.674962
3.167000 23.698637
3.168000 23.722336
3.169000 23.746058
3.170000 23.769804
3.171000 23.793574
3.172000 23.817368
3.173000 23.841185
3.174000 23.865026
3.175000 23.888891
3.176000 23.912780
3.177000 23.936693
3.178000 23.960630
3.179000 23.984590
3.180000 24.008575
3.181000 24.032584
3.182000 24.056616
3.183000 24.080673
3.184000 24.104753
3.185000 24.128858
3.186000 24.152987
3.187000 24.177140
3.188000 24.201317
3.189000 24.225519
3.190000 24.249744
3.191000 24.273994
3.192000 24.298268
3.193000 24.322566
3.194000 24.346889
3.195000 24.371236
3.196000 24.395607
3.197000 24.420002
3.198000 24.444422
3.199000 24.468867
3.200000 24.493336
3.201000 24.517829
3.202000 24.542347
3.203000 24.566889
3.204000 24.591456
3.205000 24.616047
3.206000 24.640664
3.207000 24.665304
3.208000 24.689970
3.209000 24.714659
3.210000 24.739374
3.211000 24.764114
3.212000 24.788878
3.213000 24.813667
3.214000 24.838480
3.215000 24.863319
3.216000 24.888182
3.217000 24.913070
3.218000 24.937983
3.219000 24.962921
3.220000 24.987884
3.221000 25.012872
3.222000 25.037885
3.223000 25.062923
3.224000 25.087986
3.225000 25.113074
3.226000 25.138187
3.227000 25.163325
3.228000 25.188488
3.229000 25.213677
3.230000 25.238890
3.231000 25.264129
3.232000 25.289393
3.233000 25.314683
3.234000 25.339998
3.235000 25.365338
3.236000 25.390703
3.237000 25.416094
3.238000 25.441510
3.239000 25.466951
3.240000 25.492418
3.241000 25.517911
3.242000 25.543428
3.243000 25.568972
3.244000 25.594541
3.245000 25.620135
3.246000 25.645756
3.247000 25.671401
3.248000 25.697073
3.249000 25.722770
3.250000 25.748493
3.251000 25.774241
3.252000 25.800015
3.253000 25.825815
3.254000 25.851641
3.255000 25.877493
3.256000 25.903370
3.257000 25.929274
3.258000 25.955203
3.259000 25.981158
3.260000 26.007139
3.261000 26.033146
3.262000 26.059180
3.263000 26.085239
3.264000 26.111324
3.265000 26.137435
3.266000 26.163573
3.267000 26.189736
3.268000 26.215926
3.269000 26.242142
3.270000 26.268384
3.271000 26.294652
3.272000 26.320947
3.273000 26.347268
3.274000 26.373615
3.275000 26.399989
3.276000 26.426389
3.277000 26.452815
3.278000 26.479268
3.279000 26.505747
3.280000 26.532253
3.281000 26.558785
3.282000 26.585344
3.283000 26.611930
3.284000 26.638541
3.285000 26.665180
3.286000 26.691845
3.287000 26.718537
3.288000 26.745256
3.289000 26.772001
3.290000 26.798773
3.291000 26.825572
3.292000 26.852397
3.293000 26.879250
3.294000 26.906129
3.295000 26.933035
3.296000 26.959968
3.297000 26.986928
3.298000 27.013915
3.299000 27.040929
3.300000 27.067970
3.301000 27.095038
3.302000 27.122133
3.303000 27.149255
3.304000 27.176404
3.305000 27.203581
3.306000 27.230784
3.307000 27.258015
3.308000 27.285273
3.309000 27.312558
3.310000 27.339871
3.311000 27.367211
3.312000 27.394578
3.313000 27.421972
3.314000 27.449394
3.315000 27.476844
3.316000 27.504321
3.317000 27.531825
3.318000 27.559357
3.319000 27.586916
3.320000 27.614503
3.321000 27.642118
3.322000 27.669760
3.323000 27.697429
3.324000 27.725127
3.325000 27.752852
3.326000 27.780605
3.327000 27.808385
3.328000 27.836194
3.329000 27.864030
3.330000 27.891894
3.331000 27.919786
3.332000 27.947706
3.333000 27.975653
3.334000 28.003629
3.335000 28.031633
3.336000 28.059664
3.337000 28.087724
3.338000 28.115812
3.339000 28.143928
3.340000 28.172071
3.341000 28.200244
3.342000 28.228444
3.343000 28.256672
3.344000 28.284929
3.345000 28.313214
3.346000 28.341527
3.347000 28.369869
3.348000 28.398238
3.349000 28.426637
3.350000 28.455063
3.351000 28.483518
3.352000 28.512002
3.353000 28.540514
3.354000 28.569054
3.355000 28.597623
3.356000 28.626221
3.357000 28.654847
3.358000 28.683502
3.359000 28.712186
3.360000 28.740898
3.361000 28.769639
3.362000 28.798408
3.363000 28.827207
3.364000 28.856034
3.365000 28.884890
3.366000 28.913775
3.367000 28.942689
3.368000 28.971631
3.369000 29.000603
3.370000 29.029604
3.371000 29.058633
3.372000 29.087692
3.373000 29.116780
3.374000 29.145896
3.375000 29.175042
3.376000 29.204217
3.377000 29.233421
3.378000 29.262655
3.379000 29.291918
3.380000 29.321209
3.381000 29.350531
3.382000 29.379881
3.383000 29.409261
3.384000 29.438670
3.385000 29.468109
3.386000 29.497577
3.387000 29.527075
3.388000 29.556602
3.389000 29.586158
3.390000 29.615745
3.391000 29.645360
3.392000 29.675006
3.393000 29.704681
3.394000 29.734385
3.395000 29.764120
3.396000 29.793884
3.397000 29.823678
3.398000 29.853501
3.399000 29.883355
3.400000 29.913238
3.401000 29.943151
3.402000 29.973095
3.403000 30.003068
3.404000 30.033071
3.405000 30.063104
3.406000 30.093167
3.407000 30.123260
3.408000 30.153383
3.409000 30.183537
3.410000 30.213720
3.411000 30.243934
3.412000 30.274178
3.413000 30.304452
3.414000 30.334757
3.415000 30.365091
3.416000 30.395456
3.417000 30.425852
3.418000 30.456278
3.419000 30.486734
3.420000 30.517221
3.421000 30.547738
3.422000 30.578286
3.423000 30.608864
3.424000 30.639473
3.425000 30.670112
3.426000 30.700782
3.427000 30.731483
3.428000 30.762215
3.429000 30.792977
3.430000 30.823770
3.431000 30.854594
3.432000 30.885448
3.433000 30.916334
3.434000 30.947250
3.435000 30.978197
3.436000 31.009175
3.437000 31.040185
3.438000 31.071225
3.439000 31.102296
3.440000 31.133398
3.441000 31.164532
3.442000 31.195696
3.443000 31.226892
3.444000 31.258119
3.445000 31.289377
3.446000 31.320666
3.447000 31.351987
3.448000 31.383339
3.449000 31.414722
3.450000 31.446137
3.451000 31.477583
3.452000 31.509061
3.453000 31.540570
3.454000 31.572110
3.455000 31.603683
3.456000 31.635286
3.457000 31.666922
3.458000 31.698588
3.459000 31.730287
3.460000 31.762017
3.461000 31.793779
3.462000 31.825573
3.463000 31.857399
3.464000 31.889256
3.465000 31.921145
3.466000 31.953067
3.467000 31.985020
3.468000 32.017005
3.469000 32.049022
3.470000 32.081071
3.471000 32.113152
3.472000 32.145265
3.473000 32.177410
3.474000 32.209588
3.475000 32.241797
3.476000 32.274039
3.477000 32.306313
3.478000 32.338619
3.479000 32.370958
3.480000 32.403329
3.481000 32.435732
3.482000 32.468168
3.483000 32.500636
3.484000 32.533137
3.485000 32.565670
3.486000 32.598235
3.487000 32.630834
3.488000 32.663465
3.489000 32.696128
3.490000 32.728824
3.491000 32.761553
3.492000 32.794315
3.493000 32.827109
3.494000 32.859936
3.495000 32.892796
3.496000 32.925689
3.497000 32.958614
3.498000 32.991573
3.499000 33.024565
3.500000 33.057589
3.501000 33.090647
3.502000 33.123737
3.503000 33.156861
3.504000 33.190018
3.505000 33.223208
3.506000 33.256431
3.507000 33.289688
3.508000 33.322977
3.509000 33.356300
3.510000 33.389657
3.511000 33.423046
3.512000 33.456469
3.513000 33.489926
3.514000 33.523416
3.515000 33.556939
3.516000 33.590496
3.517000 33.624087
3.518000 33.657711
3.519000 33.691368
3.520000 33.725060
3.521000 33.758785
3.522000 33.792544
3.523000 33.826336
3.524000 33.860162
3.525000 33.894023
3.526000 33.927917
3.527000 33.961845
3.528000 33.995806
3.529000 34.029802
3.530000 34.063832
3.531000 34.097896
3.532000 34.131994
3.533000 34.166126
3.534000 34.200292
3.535000 34.234492
3.536000 34.268727
3.537000 34.302995
3.538000 34.337298
3.539000 34.371636
3.540000 34.406007
3.541000 34.440413
3.542000 34.474854
3.543000 34.509329
3.544000 34.543838
3.545000 34.578382
3.546000 34.612960
3.547000 34.647573
3.548000 34.682221
3.549000 34.716903
3.550000 34.751620
3.551000 34.786371
3.552000 34.821158
3.553000 34.855979
3.554000 34.890835
3.555000 34.925726
3.556000 34.960651
3.557000 34.995612
3.558000 35.030608
3.559000 35.065638
3.560000 35.100704
3.561000 35.135805
3.562000 35.170940
3.563000 35.206111
3.564000 35.241318
3.565000 35.276559
3.566000 35.311835
3.567000 35.347147
3.568000 35.382494
3.569000 35.417877
3.570000 35.453295
3.571000 35.488748
3.572000 35.524237
3.573000 35.559761
3.574000 35.595321
3.575000 35.630916
3.576000 35.666547
3.577000 35.702214
3.578000 35.737916
3.579000 35.773654
3.580000 35.809427
3.581000 35.845237
3.582000 35.881082
3.583000 35.916963
3.584000 35.952880
3.585000 35.988833
3.586000 36.024822
3.587000 36.060847
3.588000 36.096907
3.589000 36.133004
3.590000 36.169137
3.591000 36.205306
3.592000 36.241512
3.593000 36.277753
3.594000 36.314031
3.595000 36.350345
3.596000 36.386695
3.597000 36.423082
3.598000 36.459505
3.599000 36.495965
3.600000 36.532461
3.601000 36.568993
3.602000 36.605562
3.603000 36.642168
3.604000 36.678810
3.605000 36.715489
3.606000 36.752204
3.607000 36.788956
3.608000 36.825745
3.609000 36.862571
3.610000 36.899434
3.611000 36.936333
3.612000 36.973269
3.613000 37.010243
3.614000 37.047253
3.615000 37.084300
3.616000 37.121384
3.617000 37.158506
3.618000 37.195664
3.619000 37.232860
3.620000 37.270093
3.621000 37.307363
3.622000 37.344670
3.623000 37.382015
3.624000 37.419397
3.625000 37.456816
3.626000 37.494273
3.627000 37.531768
3.628000 37.569299
3.629000 37.606869
3.630000 37.644475
3.631000 37.682120
3.632000 37.719802
3.633000 37.757522
3.634000 37.795279
3.635000 37.833075
3.636000 37.870908
3.637000 37.908779
3.638000 37.946687
3.639000 37.984634
3.640000 38.022619
3.641000 38.060641
3.642000 38.098702
3.643000 38.136801
3.644000 38.174937
3.645000 38.213112
3.646000 38.251326
3.647000 38.289577
3.648000 38.327866
3.649000 38.366194
3.650000 38.404561
3.651000 38.442965
3.652000 38.481408
3.653000 38.519889
3.654000 38.558409
3.655000 38.596968
3.656000 38.635565
3.657000 38.674200
3.658000 38.712874
3.659000 38.751587
3.660000 38.790339
3.661000 38.829129
3.662000 38.867958
3.663000 38.906826
3.664000 38.945733
3.665000 38.984679
3.666000 39.023664
3.667000 39.062687
3.668000 39.101750
3.669000 39.140852
3.670000 39.179993
3.671000 39.219173
3.672000 39.258392
3.673000 39.297650
3.674000 39.336948
3.675000 39.376285
3.676000 39.415661
3.677000 39.455077
3.678000 39.494532
3.679000 39.534026
3.680000 39.573560
3.681000 39.613134
3.682000 39.652747
3.683000 39.692400
3.684000 39.732092
3.685000 39.771824
3.686000 39.811596
3.687000 39.851408
3.688000 39.891259
3.689000 39.931150
3.690000 39.971081
3.691000 40.011053
3.692000 40.051064
3.693000 40.091115
3.694000 40.131206
3.695000 40.171337
3.696000 40.211508
3.697000 40.251720
3.698000 40.291972
3.699000 40.332264
3.700000 40.372596
3.701000 40.412968
3.702000 40.453381
3.703000 40.493835
3.704000 40.534329
3.705000 40.574863
3.706000 40.615438
3.707000 40.656053
3.708000 40.696709
3.709000 40.737406
3.710000 40.778143
3.711000 40.818921
3.712000 40.859740
3.713000 40.900600
3.714000 40.941501
3.715000 40.982442
3.716000 41.023425
3.717000 41.064448
3.718000 41.105513
3.719000 41.146618
3.720000 41.187765
3.721000 41.228952
3.722000 41.270181
3.723000 41.311452
3.724000 41.352763
3.725000 41.394116
3.726000 41.435510
3.727000 41.476945
3.728000 41.518422
3.729000 41.559941
3.730000 41.601501
3.731000 41.643102
3.732000 41.684745
3.733000 41.726430
3.734000 41.768157
3.735000 41.809925
3.736000 41.851735
3.737000 41.893586
3.738000 41.935480
3.739000 41.977415
3.740000 42.019393
3.741000 42.061412
3.742000 42.103474
3.743000 42.145577
3.744000 42.187723
3.745000 42.229910
3.746000 42.272140
3.747000 42.314412
3.748000 42.356727
3.749000 42.399084
3.750000 42.441483
3.751000 42.483924
3.752000 42.526408
3.753000 42.568934
3.754000 42.611503
3.755000 42.654115
3.756000 42.696769
3.757000 42.739466
3.758000 42.782205
3.759000 42.824987
3.760000 42.867812
3.761000 42.910680
3.762000 42.953591
3.763000 42.996545
3.764000 43.039541
3.765000 43.082581
3.766000 43.125663
3.767000 43.168789
3.768000 43.211958
3.769000 43.255170
3.770000 43.298425
3.771000 43.341723
3.772000 43.385065
3.773000 43.428450
3.774000 43.471878
3.775000 43.515350
3.776000 43.558866
3.777000 43.602425
3.778000 43.646027
3.779000 43.689673
3.780000 43.733363
3.781000 43.777096
3.782000 43.820873
3.783000 43.864694
3.784000 43.908559
3.785000 43.952467
3.786000 43.996420
3.787000 44.040416
3.788000 44.084457
3.789000 44.128541
3.790000 44.172670
3.791000 44.216842
3.792000 44.261059
3.793000 44.305320
3.794000 44.349625
3.795000 44.393975
3.796000 44.438369
3.797000 44.482807
3.798000 44.527290
3.799000 44.571818
3.800000 44.616389
3.801000 44.661006
3.802000 44.705667
3.803000 44.750372
3.804000 44.795123
3.805000 44.839918
3.806000 44.884758
3.807000 44.929643
3.808000 44.974572
3.809000 45.019547
3.810000 45.064566
3.811000 45.109631
3.812000 45.154741
3.813000 45.199895
3.814000 45.245095
3.815000 45.290340
3.816000 45.335631
3.817000 45.380966
3.818000 45.426347
3.819000 45.471774
3.820000 45.517245
3.821000 45.562763
3.822000 45.608325
3.823000 45.653934
3.824000 45.699588
3.825000 45.745287
3.826000 45.791032
3.827000 45.836824
3.828000 45.882660
3.829000 45.928543
3.830000 45.974472
3.831000 46.020446
3.832000 46.066466
3.833000 46.112533
3.834000 46.158645
3.835000 46.204804
3.836000 46.251009
3.837000 46.297260
3.838000 46.343557
3.839000 46.389901
3.840000 46.436291
3.841000 46.482727
3.842000 46.529210
3.843000 46.575739
3.844000 46.622315
3.845000 46.668937
3.846000 46.715606
3.847000 46.762321
3.848000 46.809084
3.849000 46.855893
3.850000 46.902749
3.851000 46.949651
3.852000 46.996601
3.853000 47.043598
3.854000 47.090641
3.855000 47.137732
3.856000 47.184870
3.857000 47.232055
3.858000 47.279287
3.859000 47.326566
3.860000 47.373892
3.861000 47.421266
3.862000 47.468688
3.863000 47.516156
3.864000 47.563672
3.865000 47.611236
3.866000 47.658847
3.867000 47.706506
3.868000 47.754213
3.869000 47.801967
3.870000 47.849769
3.871000 47.897619
3.872000 47.945516
3.873000 47.993462
3.874000 48.041455
3.875000 48.089497
3.876000 48.137586
3.877000 48.185724
3.878000 48.233910
3.879000 48.282143
3.880000 48.330426
3.881000 48.378756
3.882000 48.427135
3.883000 48.475562
3.884000 48.524037
3.885000 48.572562
3.886000 48.621134
3.887000 48.669755
3.888000 48.718425
3.889000 48.767143
3.890000 48.815911
3.891000 48.864726
3.892000 48.913591
3.893000 48.962505
3.894000 49.011467
3.895000 49.060479
3.896000 49.109539
3.897000 49.158649
3.898000 49.207807
3.899000 49.257015
3.900000 49.306272
3.901000 49.355579
3.902000 49.404934
3.903000 49.454339
3.904000 49.503793
3.905000 49.553297
3.906000 49.602850
3.907000 49.652453
3.908000 49.702106
3.909000 49.751808
3.910000 49.801560
3.911000 49.851361
3.912000 49.901213
3.913000 49.951114
3.914000 50.001065
3.915000 50.051066
3.916000 50.101117
3.917000 50.151218
3.918000 50.201369
3.919000 50.251571
3.920000 50.301822
3.921000 50.352124
3.922000 50.402476
3.923000 50.452879
3.924000 50.503332
3.925000 50.553835
3.926000 50.604389
3.927000 50.654993
3.928000 50.705648
3.929000 50.756354
3.930000 50.807110
3.931000 50.857917
3.932000 50.908775
3.933000 50.959684
3.934000 51.010644
3.935000 51.061654
3.936000 51.112716
3.937000 51.163829
3.938000 51.214993
3.939000 51.266208
3.940000 51.317474
3.941000 51.368791
3.942000 51.420160
3.943000 51.471580
3.944000 51.523052
3.945000 51.574575
3.946000 51.626149
3.947000 51.677775
3.948000 51.729453
3.949000 51.781183
3.950000 51.832964
3.951000 51.884797
3.952000 51.936682
3.953000 51.988618
3.954000 52.040607
3.955000 52.092648
3.956000 52.144740
3.957000 52.196885
3.958000 52.249082
3.959000 52.301331
3.960000 52.353632
3.961000 52.405986
3.962000 52.458392
3.963000 52.510850
3.964000 52.563361
3.965000 52.615924
3.966000 52.668540
3.967000 52.721209
3.968000 52.773930
3.969000 52.826704
3.970000 52.879531
3.971000 52.932410
3.972000 52.985343
3.973000 53.038328
3.974000 53.091366
3.975000 53.144458
3.976000 53.197602
3.977000 53.250800
3.978000 53.304051
3.979000 53.357355
3.980000 53.410712
3.981000 53.464123
3.982000 53.517587
3.983000 53.571104
3.984000 53.624676
3.985000 53.678300
3.986000 53.731979
3.987000 53.785711
3.988000 53.839496
3.989000 53.893336
3.990000 53.947229
3.991000 54.001176
3.992000 54.055177
3.993000 54.109233
3.994000 54.163342
3.995000 54.217505
3.996000 54.271723
3.997000 54.325994
3.998000 54.380320
3.999000 54.434701
4.000000 54.489135
4.001000 54.543625
4.002000 54.598168
4.003000 54.652766
4.004000 54.707419
4.005000 54.762127
4.006000 54.816889
4.007000 54.871706
4.008000 54.926577
4.009000 54.981504
4.010000 55.036485
4.011000 55.091522
4.012000 55.146613
4.013000 55.201760
4.014000 55.256962
4.015000 55.312219
4.016000 55.367531
4.017000 55.422898
4.018000 55.478321
4.019000 55.533800
4.020000 55.589333
4.021000 55.644923
4.022000 55.700568
4.023000 55.756268
4.024000 55.812025
4.025000 55.867837
4.026000 55.923704
4.027000 55.979628
4.028000 56.035608
4.029000 56.091643
4.030000 56.147735
4.031000 56.203883
4.032000 56.260087
4.033000 56.316347
4.034000 56.372663
4.035000 56.429036
4.036000 56.485465
4.037000 56.541950
4.038000 56.598492
4.039000 56.655091
4.040000 56.711746
4.041000 56.768458
4.042000 56.825226
4.043000 56.882051
4.044000 56.938933
4.045000 56.995872
4.046000 57.052868
4.047000 57.109921
4.048000 57.167031
4.049000 57.224198
4.050000 57.281422
4.051000 57.338703
4.052000 57.396042
4.053000 57.453438
4.054000 57.510892
4.055000 57.568403
4.056000 57.625971
4.057000 57.683597
4.058000 57.741281
4.059000 57.799022
4.060000 57.856821
4.061000 57.914678
4.062000 57.972592
4.063000 58.030565
4.064000 58.088595
4.065000 58.146684
4.066000 58.204831
4.067000 58.263036
4.068000 58.321299
4.069000 58.379620
4.070000 58.438000
4.071000 58.496438
4.072000 58.554934
4.073000 58.613489
4.074000 58.672102
4.075000 58.730775
4.076000 58.789505
4.077000 58.848295
4.078000 58.907143
4.079000 58.966050
4.080000 59.025016
4.081000 59.084041
4.082000 59.143125
4.083000 59.202268
4.084000 59.261471
4.085000 59.320732
4.086000 59.380053
4.087000 59.439433
4.088000 59.498872
4.089000 59.558371
4.090000 59.617930
4.091000 59.677548
4.092000 59.737225
4.093000 59.796962
4.094000 59.856759
4.095000 59.916616
4.096000 59.976533
4.097000 60.036509
4.098000 60.096546
4.099000 60.156642
4.100000 60.216799
4.101000 60.277016
4.102000 60.337293
4.103000 60.397630
4.104000 60.458028
4.105000 60.518486
4.106000 60.579004
4.107000 60.639583
4.108000 60.700223
4.109000 60.760923
4.110000 60.821684
4.111000 60.882506
4.112000 60.943388
4.113000 61.004332
4.114000 61.065336
4.115000 61.126401
4.116000 61.187528
4.117000 61.248715
4.118000 61.309964
4.119000 61.371274
4.120000 61.432645
4.121000 61.494078
4.122000 61.555572
4.123000 61.617127
4.124000 61.678744
4.125000 61.740423
4.126000 61.802164
4.127000 61.863966
4.128000 61.925830
4.129000 61.987756
4.130000 62.049743
4.131000 62.111793
4.132000 62.173905
4.133000 62.236079
4.134000 62.298315
4.135000 62.360613
4.136000 62.422974
4.137000 62.485397
4.138000 62.547882
4.139000 62.610430
4.140000 62.673040
4.141000 62.735714
4.142000 62.798449
4.143000 62.861248
4.144000 62.924109
4.145000 62.987033
4.146000 63.050020
4.147000 63.113070
4.148000 63.176183
4.149000 63.239359
4.150000 63.302599
4.151000 63.365901
4.152000 63.429267
4.153000 63.492696
4.154000 63.556189
4.155000 63.619745
4.156000 63.683365
4.157000 63.747048
4.158000 63.810796
4.159000 63.874606
4.160000 63.938481
4.161000 64.002419
4.162000 64.066422
4.163000 64.130488
4.164000 64.194619
4.165000 64.258813
4.166000 64.323072
4.167000 64.387395
4.168000 64.451783
4.169000 64.516234
4.170000 64.580751
4.171000 64.645331
4.172000 64.709977
4.173000 64.774687
4.174000 64.839461
4.175000 64.904301
4.176000 64.969205
4.177000 65.034174
4.178000 65.099209
4.179000 65.164308
4.180000 65.229472
4.181000 65.294702
4.182000 65.359996
4.183000 65.425356
4.184000 65.490782
4.185000 65.556272
4.186000 65.621829
4.187000 65.687450
4.188000 65.753138
4.189000 65.818891
4.190000 65.884710
4.191000 65.950595
4.192000 66.016545
4.193000 66.082562
4.194000 66.148644
4.195000 66.214793
4.196000 66.281008
4.197000 66.347289
4.198000 66.413636
4.199000 66.480050
4.200000 66.546530
4.201000 66.613076
4.202000 66.679689
4.203000 66.746369
4.204000 66.813115
4.205000 66.879929
4.206000 66.946808
4.207000 67.013755
4.208000 67.080769
4.209000 67.147850
4.210000 67.214998
4.211000 67.282213
4.212000 67.349495
4.213000 67.416844
4.214000 67.484261
4.215000 67.551745
4.216000 67.619297
4.217000 67.686917
4.218000 67.754603
4.219000 67.822358
4.220000 67.890180
4.221000 67.958071
4.222000 68.026029
4.223000 68.094055
4.224000 68.162149
4.225000 68.230311
4.226000 68.298541
4.227000 68.366840
4.228000 68.435207
4.229000 68.503642
4.230000 68.572145
4.231000 68.640718
4.232000 68.709358
4.233000 68.778068
4.234000 68.846846
4.235000 68.915693
4.236000 68.984608
4.237000 69.053593
4.238000 69.122646
4.239000 69.191769
4.240000 69.260961
4.241000 69.330222
4.242000 69.399552
4.243000 69.468952
4.244000 69.538421
4.245000 69.607959
4.246000 69.677567
4.247000 69.747245
4.248000 69.816992
4.249000 69.886809
4.250000 69.956696
4.251000 70.026652
4.252000 70.096679
4.253000 70.166776
4.254000 70.236942
4.255000 70.307179
4.256000 70.377486
4.257000 70.447864
4.258000 70.518312
4.259000 70.588830
4.260000 70.659419
4.261000 70.730078
4.262000 70.800808
4.263000 70.871609
4.264000 70.942481
4.265000 71.013423
4.266000 71.084437
4.267000 71.155521
4.268000 71.226677
4.269000 71.297903
4.270000 71.369201
4.271000 71.440571
4.272000 71.512011
4.273000 71.583523
4.274000 71.655107
4.275000 71.726762
4.276000 71.798488
4.277000 71.870287
4.278000 71.942157
4.279000 72.014099
4.280000 72.086114
4.281000 72.158200
4.282000 72.230358
4.283000 72.302588
4.284000 72.374891
4.285000 72.447266
4.286000 72.519713
4.287000 72.592233
4.288000 72.664825
4.289000 72.737490
4.290000 72.810227
4.291000 72.883037
4.292000 72.955920
4.293000 73.028876
4.294000 73.101905
4.295000 73.175007
4.296000 73.248182
4.297000 73.321430
4.298000 73.394752
4.299000 73.468147
4.300000 73.541615
4.301000 73.615156
4.302000 73.688771
4.303000 73.762460
4.304000 73.836223
4.305000 73.910059
4.306000 73.983969
4.307000 74.057953
4.308000 74.132011
4.309000 74.206143
4.310000 74.280349
4.311000 74.354629
4.312000 74.428984
4.313000 74.503413
4.314000 74.577916
4.315000 74.652494
4.316000 74.727147
4.317000 74.801874
4.318000 74.876676
4.319000 74.951553
4.320000 75.026504
4.321000 75.101531
4.322000 75.176632
4.323000 75.251809
4.324000 75.327061
4.325000 75.402388
4.326000 75.477790
4.327000 75.553268
4.328000 75.628821
4.329000 75.704450
4.330000 75.780154
4.331000 75.855934
4.332000 75.931790
4.333000 76.007722
4.334000 76.083730
4.335000 76.159814
4.336000 76.235973
4.337000 76.312209
4.338000 76.388522
4.339000 76.464910
4.340000 76.541375
4.341000 76.617916
4.342000 76.694534
4.343000 76.771229
4.344000 76.848000
4.345000 76.924848
4.346000 77.001773
4.347000 77.078775
4.348000 77.155854
4.349000 77.233009
4.350000 77.310242
4.351000 77.387553
4.352000 77.464940
4.353000 77.542405
4.354000 77.619948
4.355000 77.697568
4.356000 77.775265
4.357000 77.853040
4.358000 77.930893
4.359000 78.008824
4.360000 78.086833
4.361000 78.164920
4.362000 78.243085
4.363000 78.321328
4.364000 78.399649
4.365000 78.478049
4.366000 78.556527
4.367000 78.635083
4.368000 78.713719
4.369000 78.792432
4.370000 78.871225
4.371000 78.950096
4.372000 79.029046
4.373000 79.108075
4.374000 79.187183
4.375000 79.266370
4.376000 79.345637
4.377000 79.424982
4.378000 79.504407
4.379000 79.583912
4.380000 79.663496
4.381000 79.743159
4.382000 79.822902
4.383000 79.902725
4.384000 79.982628
4.385000 80.062611
4.386000 80.142673
4.387000 80.222816
4.388000 80.303039
4.389000 80.383342
4.390000 80.463725
4.391000 80.544189
4.392000 80.624733
4.393000 80.705358
4.394000 80.786063
4.395000 80.866849
4.396000 80.947716
4.397000 81.028664
4.398000 81.109692
4.399000 81.190802
4.400000 81.271993
4.401000 81.353265
4.402000 81.434618
4.403000 81.516053
4.404000 81.597569
4.405000 81.679166
4.406000 81.760845
4.407000 81.842606
4.408000 81.924449
4.409000 82.006373
4.410000 82.088380
4.411000 82.170468
4.412000 82.252639
4.413000 82.334891
4.414000 82.417226
4.415000 82.499643
4.416000 82.582143
4.417000 82.664725
4.418000 82.747390
4.419000 82.830137
4.420000 82.912967
4.421000 82.995880
4.422000 83.078876
4.423000 83.161955
4.424000 83.245117
4.425000 83.328362
4.426000 83.411691
4.427000 83.495102
4.428000 83.578597
4.429000 83.662176
4.430000 83.745838
4.431000 83.829584
4.432000 83.913414
4.433000 83.997327
4.434000 84.081324
4.435000 84.165406
4.436000 84.249571
4.437000 84.333821
4.438000 84.418154
4.439000 84.502573
4.440000 84.587075
4.441000 84.671662
4.442000 84.756334
4.443000 84.841090
4.444000 84.925931
4.445000 85.010857
4.446000 85.095868
4.447000 85.180964
4.448000 85.266145
4.449000 85.351411
4.450000 85.436762
4.451000 85.522199
4.452000 85.607721
4.453000 85.693329
4.454000 85.779022
4.455000 85.864802
4.456000 85.950666
4.457000 86.036617
4.458000 86.122654
4.459000 86.208776
4.460000 86.294985
4.461000 86.381280
4.462000 86.467661
4.463000 86.554129
4.464000 86.640683
4.465000 86.727324
4.466000 86.814051
4.467000 86.900865
4.468000 86.987766
4.469000 87.074754
4.470000 87.161829
4.471000 87.248990
4.472000 87.336239
4.473000 87.423576
4.474000 87.510999
4.475000 87.598510
4.476000 87.686109
4.477000 87.773795
4.478000 87.861569
4.479000 87.949430
4.480000 88.037380
4.481000 88.125417
4.482000 88.213542
4.483000 88.301756
4.484000 88.390058
4.485000 88.478448
4.486000 88.566926
4.487000 88.655493
4.488000 88.744149
4.489000 88.832893
4.490000 88.921726
4.491000 89.010647
4.492000 89.099658
4.493000 89.188758
4.494000 89.277946
4.495000 89.367224
4.496000 89.456592
4.497000 89.546048
4.498000 89.635594
4.499000 89.725230
4.500000 89.814955
4.501000 89.904770
4.502000 89.994675
4.503000 90.084669
4.504000 90.174754
4.505000 90.264929
4.506000 90.355194
4.507000 90.445549
4.508000 90.535995
4.509000 90.626531
4.510000 90.717157
4.511000 90.807874
4.512000 90.898682
4.513000 90.989581
4.514000 91.080570
4.515000 91.171651
4.516000 91.262823
4.517000 91.354085
4.518000 91.445440
4.519000 91.536885
4.520000 91.628422
4.521000 91.720050
4.522000 91.811770
4.523000 91.903582
4.524000 91.995486
4.525000 92.087481
4.526000 92.179569
4.527000 92.271748
4.528000 92.364020
4.529000 92.456384
4.530000 92.548840
4.531000 92.641389
4.532000 92.734031
4.533000 92.826765
4.534000 92.919591
4.535000 93.012511
4.536000 93.105523
4.537000 93.198629
4.538000 93.291828
4.539000 93.385119
4.540000 93.478505
4.541000 93.571983
4.542000 93.665555
4.543000 93.759221
4.544000 93.852980
4.545000 93.946833
4.546000 94.040780
4.547000 94.134820
4.548000 94.228955
4.549000 94.323184
4.550000 94.417507
4.551000 94.511925
4.552000 94.606437
4.553000 94.701043
4.554000 94.795744
4.555000 94.890540
4.556000 94.985431
4.557000 95.080416
4.558000 95.175496
4.559000 95.270672
4.560000 95.365943
4.561000 95.461309
4.562000 95.556770
4.563000 95.652327
4.564000 95.747979
4.565000 95.843727
4.566000 95.939571
4.567000 96.035510
4.568000 96.131546
4.569000 96.227677
4.570000 96.323905
4.571000 96.420229
4.572000 96.516649
4.573000 96.613166
4.574000 96.709779
4.575000 96.806489
4.576000 96.903295
4.577000 97.000198
4.578000 97.097199
4.579000 97.194296
4.580000 97.291490
4.581000 97.388782
4.582000 97.486170
4.583000 97.583657
4.584000 97.681240
4.585000 97.778921
4.586000 97.876700
4.587000 97.974577
4.588000 98.072552
4.589000 98.170624
4.590000 98.268795
4.591000 98.367064
4.592000 98.465431
4.593000 98.563896
4.594000 98.662460
4.595000 98.761123
4.596000 98.859884
4.597000 98.958744
4.598000 99.057702
4.599000 99.156760
4.600000 99.255917
4.601000 99.355173
4.602000 99.454528
4.603000 99.553982
4.604000 99.653536
4.605000 99.753190
4.606000 99.852943
4.607000 99.952796
4.608000 100.052749
4.609000 100.152802
4.610000 100.252954
4.611000 100.353207
4.612000 100.453561
4.613000 100.554014
4.614000 100.654568
4.615000 100.755223
4.616000 100.855978
4.617000 100.956834
4.618000 101.057791
4.619000 101.158848
4.620000 101.260007
4.621000 101.361267
4.622000 101.462629
4.623000 101.564091
4.624000 101.665655
4.625000 101.767321
4.626000 101.869088
4.627000 101.970957
4.628000 102.072928
4.629000 102.175001
4.630000 102.277176
4.631000 102.379453
4.632000 102.481833
4.633000 102.584315
4.634000 102.686899
4.635000 102.789586
4.636000 102.892376
4.637000 102.995268
4.638000 103.098263
4.639000 103.201361
4.640000 103.304563
4.641000 103.407867
4.642000 103.511275
4.643000 103.614787
4.644000 103.718401
4.645000 103.822120
4.646000 103.925942
4.647000 104.029868
4.648000 104.133898
4.649000 104.238032
4.650000 104.342270
4.651000 104.446612
4.652000 104.551058
4.653000 104.655609
4.654000 104.760265
4.655000 104.865025
4.656000 104.969890
4.657000 105.074860
4.658000 105.179935
4.659000 105.285115
4.660000 105.390400
4.661000 105.495791
4.662000 105.601286
4.663000 105.706888
4.664000 105.812595
4.665000 105.918407
4.666000 106.024326
4.667000 106.130350
4.668000 106.236480
4.669000 106.342717
4.670000 106.449059
4.671000 106.555508
4.672000 106.662064
4.673000 106.768726
4.674000 106.875495
4.675000 106.982370
4.676000 107.089353
4.677000 107.196442
4.678000 107.303638
4.679000 107.410942
4.680000 107.518353
4.681000 107.625871
4.682000 107.733497
4.683000 107.841231
4.684000 107.949072
4.685000 108.057021
4.686000 108.165078
4.687000 108.273243
4.688000 108.381516
4.689000 108.489898
4.690000 108.598388
4.691000 108.706986
4.692000 108.815693
4.693000 108.924509
4.694000 109.033433
4.695000 109.142467
4.696000 109.251609
4.697000 109.360861
4.698000 109.470222
4.699000 109.579692
4.700000 109.689272
4.701000 109.798961
4.702000 109.908760
4.703000 110.018669
4.704000 110.128687
4.705000 110.238816
4.706000 110.349055
4.707000 110.459404
4.708000 110.569863
4.709000 110.680433
4.710000 110.791114
4.711000 110.901905
4.712000 111.012807
4.713000 111.123819
4.714000 111.234943
4.715000 111.346178
4.716000 111.457524
4.717000 111.568982
4.718000 111.680551
4.719000 111.792231
4.720000 111.904024
4.721000 112.015928
4.722000 112.127944
4.723000 112.240072
4.724000 112.352312
4.725000 112.464664
4.726000 112.577129
4.727000 112.689706
4.728000 112.802395
4.729000 112.915198
4.730000 113.028113
4.731000 113.141141
4.732000 113.254282
4.733000 113.367537
4.734000 113.480904
4.735000 113.594385
4.736000 113.707979
4.737000 113.821687
4.738000 113.935509
4.739000 114.049445
4.740000 114.163494
4.741000 114.277657
4.742000 114.391935
4.743000 114.506327
4.744000 114.620833
4.745000 114.735454
4.746000 114.850190
4.747000 114.965040
4.748000 115.080005
4.749000 115.195085
4.750000 115.310280
4.751000 115.425590
4.752000 115.541016
4.753000 115.656557
4.754000 115.772213
4.755000 115.887986
4.756000 116.003874
4.757000 116.119878
4.758000 116.235997
4.759000 116.352233
4.760000 116.468586
4.761000 116.585054
4.762000 116.701639
4.763000 116.818341
4.764000 116.935159
4.765000 117.052094
4.766000 117.169147
4.767000 117.286316
4.768000 117.403602
4.769000 117.521006
4.770000 117.638527
4.771000 117.756165
4.772000 117.873921
4.773000 117.991795
4.774000 118.109787
4.775000 118.227897
4.776000 118.346125
4.777000 118.464471
4.778000 118.582935
4.779000 118.701518
4.780000 118.820220
4.781000 118.939040
4.782000 119.057979
4.783000 119.177037
4.784000 119.296214
4.785000 119.415510
4.786000 119.534926
4.787000 119.654461
4.788000 119.774115
4.789000 119.893889
4.790000 120.013783
4.791000 120.133797
4.792000 120.253931
4.793000 120.374185
4.794000 120.494559
4.795000 120.615053
4.796000 120.735668
4.797000 120.856404
4.798000 120.977260
4.799000 121.098238
4.800000 121.219336
4.801000 121.340555
4.802000 121.461896
4.803000 121.583358
4.804000 121.704941
4.805000 121.826646
4.806000 121.948473
4.807000 122.070421
4.808000 122.192492
4.809000 122.314684
4.810000 122.436999
4.811000 122.559436
4.812000 122.681995
4.813000 122.804677
4.814000 122.927482
4.815000 123.050409
4.816000 123.173460
4.817000 123.296633
4.818000 123.419930
4.819000 123.543350
4.820000 123.666893
4.821000 123.790560
4.822000 123.914351
4.823000 124.038265
4.824000 124.162303
4.825000 124.286466
4.826000 124.410752
4.827000 124.535163
4.828000 124.659698
4.829000 124.784358
4.830000 124.909142
4.831000 125.034051
4.832000 125.159085
4.833000 125.284244
4.834000 125.409528
4.835000 125.534938
4.836000 125.660473
4.837000 125.786133
4.838000 125.911920
4.839000 126.037831
4.840000 126.163869
4.841000 126.290033
4.842000 126.416323
4.843000 126.542740
4.844000 126.669282
4.845000 126.795952
4.846000 126.922748
4.847000 127.049670
4.848000 127.176720
4.849000 127.303897
4.850000 127.431201
4.851000 127.558632
4.852000 127.686190
4.853000 127.813877
4.854000 127.941690
4.855000 128.069632
4.856000 128.197702
4.857000 128.325899
4.858000 128.454225
4.859000 128.582680
4.860000 128.711262
4.861000 128.839974
4.862000 128.968814
4.863000 129.097782
4.864000 129.226880
4.865000 129.356107
4.866000 129.485463
4.867000 129.614949
4.868000 129.744564
4.869000 129.874308
4.870000 130.004182
4.871000 130.134187
4.872000 130.264321
4.873000 130.394585
4.874000 130.524980
4.875000 130.655505
4.876000 130.786160
4.877000 130.916946
4.878000 131.047863
4.879000 131.178911
4.880000 131.310090
4.881000 131.441400
4.882000 131.572842
4.883000 131.704414
4.884000 131.836119
4.885000 131.967955
4.886000 132.099923
4.887000 132.232023
4.888000 132.364255
4.889000 132.496619
4.890000 132.629116
4.891000 132.761745
4.892000 132.894507
4.893000 133.027401
4.894000 133.160428
4.895000 133.293589
4.896000 133.426882
4.897000 133.560309
4.898000 133.693870
4.899000 133.827564
4.900000 133.961391
4.901000 134.095352
4.902000 134.229448
4.903000 134.363677
4.904000 134.498041
4.905000 134.632539
4.906000 134.767172
4.907000 134.901939
4.908000 135.036841
4.909000 135.171877
4.910000 135.307049
4.911000 135.442356
4.912000 135.577799
4.913000 135.713377
4.914000 135.849090
4.915000 135.984939
4.916000 136.120924
4.917000 136.257045
4.918000 136.393302
4.919000 136.529695
4.920000 136.666225
4.921000 136.802891
4.922000 136.939694
4.923000 137.076634
4.924000 137.213710
4.925000 137.350924
4.926000 137.488275
4.927000 137.625763
4.928000 137.763389
4.929000 137.901152
4.930000 138.039054
4.931000 138.177093
4.932000 138.315270
4.933000 138.453585
4.934000 138.592039
4.935000 138.730631
4.936000 138.869361
4.937000 139.008231
4.938000 139.147239
4.939000 139.286386
4.940000 139.425672
4.941000 139.565098
4.942000 139.704663
4.943000 139.844368
4.944000 139.984212
4.945000 140.124196
4.946000 140.264321
4.947000 140.404585
4.948000 140.544990
4.949000 140.685535
4.950000 140.826220
4.951000 140.967046
4.952000 141.108013
4.953000 141.249121
4.954000 141.390371
4.955000 141.531761
4.956000 141.673293
4.957000 141.814966
4.958000 141.956781
4.959000 142.098738
4.960000 142.240836
4.961000 142.383077
4.962000 142.525460
4.963000 142.667986
4.964000 142.810654
4.965000 142.953464
4.966000 143.096418
4.967000 143.239514
4.968000 143.382754
4.969000 143.526137
4.970000 143.669663
4.971000 143.813332
4.972000 143.957146
4.973000 144.101103
4.974000 144.245204
4.975000 144.389449
4.976000 144.533839
4.977000 144.678372
4.978000 144.823051
4.979000 144.967874
4.980000 145.112842
4.981000 145.257955
4.982000 145.403213
4.983000 145.548616
4.984000 145.694164
4.985000 145.839859
4.986000 145.985698
4.987000 146.131684
4.988000 146.277816
4.989000 146.424094
4.990000 146.570518
4.991000 146.717088
4.992000 146.863805
4.993000 147.010669
4.994000 147.157680
4.995000 147.304837
4.996000 147.452142
4.997000 147.599594
4.998000 147.747194
4.999000 147.894941
